1754260321	ACC	0.03888337	-0.010169496	9.83151
1754260329	ACC	0.04007978	-0.0035892338	9.815957
1754260337	ACC	0.039481573	0.011964113	9.806984
1754260346	ACC	0.041874398	0.0065802624	9.830912
1754260354	ACC	0.037686955	0.016151553	9.815957
1754260362	PRX	5.0
1754260362	ACC	0.04127619	0.0011964113	9.82493
1754260371	ACC	0.0317049	0.0023928226	9.826126
1754260379	ACC	0.044865426	-0.0023928226	9.827323
1754260387	ACC	0.040677983	-0.010767702	9.809377
1754260396	ACC	0.04426722	-0.020338992	9.820144
1754260404	ACC	0.043070808	-0.020338992	9.8117695
1754260412	ACC	0.039481573	-0.02213361	9.802796
1754260421	ACC	0.040677983	-0.021535404	9.818948
1754260429	ACC	0.032901313	-0.008973085	9.814162
1754260437	ACC	0.04007978	-0.014356935	9.825528
1754260446	ACC	0.034695927	-0.0065802624	9.818948
1754260454	ACC	0.032303106	0.0071784677	9.817751
1754260462	ACC	0.031106694	0.014356935	9.8219385
1754260471	ACC	0.037686955	0.010169496	9.82493
1754260479	ACC	0.033499517	0.0035892338	9.835697
1754260487	ACC	0.044865426	-0.0035892338	9.812367
1754260496	ACC	0.03888337	-0.008374879	9.823135
1754260504	ACC	0.04007978	-0.009571291	9.81476
1754260512	ACC	0.039481573	-0.013160525	9.817153
1754260521	ACC	0.035294134	-0.020338992	9.827921
1754260529	ACC	0.046660043	-0.0029910284	9.8219385
1754260537	ACC	0.044865426	0.0077766734	9.818948
1754260546	ACC	0.041874398	0.011365907	9.820144
1754260554	ACC	0.03708875	0.01375873	9.817153
1754260562	ACC	0.029312078	0.011365907	9.826126
1754260571	ACC	0.035294134	-0.0029910284	9.814162
1754260579	ACC	0.04426722	-0.013160525	9.812367
1754260587	ACC	0.038285162	-0.025722843	9.816555
1754260596	ACC	0.032901313	-0.028115666	9.816555
1754260604	ACC	0.036490545	-0.022731815	9.81476
1754260612	ACC	0.034097724	-0.0077766734	9.81835
1754260621	ACC	0.02632105	5.9820566E-4	9.808778
1754260629	ACC	0.03708875	0.0071784677	9.830912
1754260637	ACC	0.04007978	0.015553347	9.821341
1754260646	ACC	0.038285162	0.015553347	9.827323
1754260654	ACC	0.036490545	0.005383851	9.835099
1754260662	ACC	0.038285162	-0.0011964113	9.828519
1754260671	ACC	0.032901313	-0.0041874396	9.814162
1754260679	ACC	0.036490545	-0.022731815	9.81476
1754260687	ACC	0.035294134	-0.01794617	9.815957
1754260696	ACC	0.0424726	-0.010169496	9.81476
1754260704	ACC	0.046660043	0.0035892338	9.815957
1754260713	ACC	0.023928227	0.0077766734	9.835697
1754260721	ACC	0.0526421	0.02213361	9.801002
1754260729	ACC	-0.0	-0.011964113	9.869197
1754260738	ACC	0.066400826	0.02871387	9.740582
1754260746	ACC	0.01794617	0.0017946169	9.902697
1754260754	ACC	0.043070808	-0.01375873	9.736395
1754260763	ACC	0.041874398	0.014955142	9.888938
1754260771	ACC	0.037686955	-0.010767702	9.756734
1754260779	ACC	0.034695927	-0.030508488	9.873384
1754260788	ACC	0.0317049	0.009571291	9.781859
1754260796	ACC	0.040677983	-0.014356935	9.789636
1754260804	ACC	0.030508488	-0.036490545	9.898509
1754260813	ACC	0.046061836	0.026919255	9.74477
1754260821	ACC	0.024526432	-0.016151553	9.877572
1754260829	ACC	0.04546363	-0.0035892338	9.8117695
1754260838	ACC	0.032901313	0.015553347	9.826724
1754260846	ACC	0.031106694	0.008973085	9.780663
1754260854	ACC	0.034097724	-0.0059820567	9.8727865
1754260863	ACC	0.041874398	-0.005383851	9.764511
1754260871	ACC	0.032901313	0.0017946169	9.872188
1754260879	ACC	0.04426722	-0.036490545	9.841082
1754260888	ACC	0.04007978	0.0023928226	9.806984
1754260896	ACC	0.03888337	-0.008973085	9.812367
1754260904	ACC	0.035294134	-0.0077766734	9.782457
1754260913	ACC	0.032303106	0.0041874396	9.856036
1754260921	ACC	0.043070808	-0.0029910284	9.801002
1754260929	ACC	0.046061836	-0.0041874396	9.813564
1754260938	ACC	0.03708875	-0.009571291	9.799207
1754260946	ACC	0.04546363	-0.0059820567	9.847063
1754260954	ACC	0.040677983	-0.010169496	9.802796
1754260963	ACC	0.039481573	-0.011964113	9.835099
1754260971	ACC	0.035294134	-0.015553347	9.830912
1754260979	ACC	0.031106694	-0.016749758	9.808778
1754260988	ACC	0.039481573	-0.0059820567	9.813564
1754260996	ACC	0.04127619	0.009571291	9.809377
1754261004	ACC	0.041874398	0.008973085	9.826724
1754261013	ACC	0.044865426	0.012562319	9.830314
1754261021	ACC	0.03589234	0.015553347	9.834501
1754261029	ACC	0.04546363	0.0071784677	9.810573
1754261038	ACC	0.039481573	-0.005383851	9.832706
1754261046	ACC	0.040677983	-0.010767702	9.800404
1754261054	ACC	0.038285162	-0.017347964	9.808778
1754261063	ACC	0.035294134	-0.011964113	9.804591
1754261071	ACC	0.035294134	-0.0059820567	9.802198
1754261079	ACC	0.038285162	-0.0	9.835099
1754261088	ACC	0.037686955	0.010767702	9.826724
1754261096	ACC	0.038285162	0.0071784677	9.859028
1754261104	ACC	0.04426722	0.016151553	9.806385
1754261113	ACC	0.039481573	0.009571291	9.829716
1754261121	ACC	-0.018544376	0.008973085	9.836894
1754261129	ACC	0.0017946169	0.0023928226	9.835099
1754261138	ACC	0.14177474	-0.012562319	9.806984
1754261146	ACC	0.15553348	-0.037686955	9.792626
1754261154	ACC	-0.046061836	-0.04127619	9.838689
1754261163	ACC	-0.16689938	-0.0077766734	9.865009
1754261171	ACC	0.020338992	0.009571291	9.786046
1754261179	ACC	0.23808585	-0.012562319	9.775279
1754261188	ACC	0.064008005	0.018544376	9.828519
1754261196	ACC	0.0035892338	0.026919255	9.83809
1754261204	ACC	0.048454657	0.008374879	9.823733
1754261213	ACC	0.032303106	0.0071784677	9.815957
1754261221	ACC	0.03888337	-5.9820566E-4	9.829117
1754261229	ACC	0.040677983	-0.008374879	9.810573
1754261238	ACC	0.032901313	-0.023330022	9.809975
1754261246	ACC	0.038285162	-0.029312078	9.8321085
1754261254	ACC	0.04965107	-0.020338992	9.825528
1754261263	ACC	0.041874398	-0.022731815	9.807582
1754261271	ACC	0.029312078	-0.0077766734	9.824331
1754261279	ACC	0.032303106	-0.0041874396	9.832706
1754261288	ACC	0.036490545	0.0023928226	9.826126
1754261296	ACC	0.035294134	0.0035892338	9.817751
1754261304	ACC	0.03589234	0.016151553	9.817751
1754261313	ACC	0.04127619	0.011964113	9.819546
1754261321	ACC	0.040677983	-0.15433706	9.873982
1754261329	ACC	0.08015956	0.024526432	9.823733
1754261338	ACC	0.03888337	0.048454657	9.940384
1754261346	ACC	0.059820566	0.016749758	9.79143
1754261354	ACC	0.03708875	-0.008374879	9.751948
1754261363	ACC	-0.06819545	0.034097724	9.952946
1754261371	ACC	0.028115666	0.02871387	9.785448
1754261379	ACC	0.17706887	-0.0059820567	9.797412
1754261388	ACC	0.1591227	-0.023330022	9.818948
1754261396	ACC	-0.09092726	-0.025124637	9.816555
1754261404	ACC	-0.16630118	0.012562319	9.856036
1754261413	ACC	0.07477571	0.052043892	9.819546
1754261421	ACC	0.25722843	0.025124637	9.782457
1754261429	ACC	0.106480606	-0.014955142	9.830314
1754261438	ACC	-0.15373886	0.019740786	9.890733
1754261446	ACC	-0.0047856453	-0.034097724	9.780065
1754261454	ACC	0.08015956	-0.05922236	9.793823
1754261463	ACC	0.029910283	-0.025124637	9.830912
1754261471	ACC	0.034695927	0.014356935	9.826126
1754261479	ACC	0.04007978	0.023928227	9.845867
1754261488	ACC	0.0317049	0.008973085	9.835697
1754261496	ACC	0.0317049	-0.019142581	9.820743
1754261504	ACC	0.03589234	-0.05922236	9.81476
1754261513	ACC	0.041874398	-0.03708875	9.775877
1754261521	ACC	0.040677983	0.008374879	9.823733
1754261529	ACC	0.04965107	0.046660043	9.84168
1754261538	ACC	0.039481573	0.078963146	9.809377
1754261546	ACC	0.035294134	0.061016977	9.865608
1754261554	ACC	0.034097724	0.019142581	9.789038
1754261563	ACC	0.029910283	-0.013160525	9.842278
1754261571	ACC	0.034695927	-0.047856454	9.80818
1754261580	ACC	0.030508488	-0.091525465	9.809975
1754261588	ACC	0.034097724	-0.0951147	9.7908325
1754261596	ACC	0.030508488	-0.062213387	9.81835
1754261605	ACC	0.03589234	-0.010169496	9.799805
1754261613	ACC	0.04426722	0.05383851	9.844072
1754261621	ACC	0.051445685	0.1052842	9.847063
1754261630	ACC	0.030508488	0.10229317	9.814162
1754261638	ACC	0.030508488	0.044865426	9.8632145
1754261646	ACC	0.038285162	-0.0023928226	9.809975
1754261655	ACC	0.03589234	-0.05503492	9.803992
1754261663	ACC	0.04366901	-0.09212367	9.799207
1754261671	ACC	0.032303106	-0.0741775	9.805189
1754261680	ACC	0.028115666	-0.048454657	9.813564
1754261688	ACC	0.02751746	0.022731815	9.83809
1754261696	ACC	0.033499517	-0.017347964	9.826724
1754261705	ACC	0.048454657	0.011964113	9.803394
1754261713	ACC	0.04426722	0.016151553	9.788439
1754261721	ACC	0.041874398	0.030508488	9.820144
1754261730	ACC	0.02751746	0.069391854	9.823135
1754261738	ACC	0.02751746	0.05503492	9.876375
1754261746	ACC	0.034695927	0.021535404	9.84168
1754261755	ACC	0.036490545	-0.025722843	9.8117695
1754261763	ACC	0.037686955	-0.032303106	9.75494
1754261771	ACC	0.040677983	-0.066400826	9.826724
1754261780	ACC	0.043070808	-0.07178468	9.757931
1754261788	ACC	0.02751746	-0.025124637	9.887741
1754261796	ACC	0.038285162	-0.0065802624	9.80818
1754261805	ACC	0.035294134	-0.01375873	9.861421
1754261813	ACC	0.038285162	0.015553347	9.807582
1754261821	ACC	0.038285162	0.021535404	9.803394
1754261830	ACC	0.040677983	0.0077766734	9.829716
1754261838	ACC	0.037686955	0.025124637	9.827921
1754261846	ACC	0.0424726	0.02213361	9.826126
1754261855	ACC	0.031106694	-0.008374879	9.836894
1754261863	ACC	0.02751746	-0.0071784677	9.806984
1754261871	ACC	0.03708875	-0.017347964	9.815957
1754261880	ACC	0.034097724	-0.034695927	9.822537
1754261888	ACC	0.03708875	-0.02751746	9.82493
1754261896	ACC	0.036490545	-0.01375873	9.801002
1754261905	ACC	0.044865426	-0.015553347	9.83151
1754261913	ACC	0.03589234	-0.008973085	9.802198
1754261921	ACC	0.034695927	0.0071784677	9.815957
1754261930	ACC	0.04007978	0.016749758	9.807582
1754261938	ACC	0.041874398	0.012562319	9.820144
1754261946	ACC	0.030508488	0.021535404	9.836894
1754261955	ACC	0.03708875	0.01375873	9.812965
1754261963	ACC	0.03708875	-0.0077766734	9.818948
1754261971	ACC	0.034695927	-0.014356935	9.827323
1754261980	ACC	0.03589234	-0.019740786	9.814162
1754261988	ACC	0.024526432	-0.025124637	9.809377
1754261996	ACC	0.040677983	-0.017347964	9.827323
1754262005	ACC	0.034097724	-0.005383851	9.824331
1754262013	ACC	0.035294134	0.0059820567	9.816555
1754262021	ACC	0.041874398	0.009571291	9.836296
1754262030	ACC	0.03708875	0.011365907	9.8117695
1754262038	ACC	0.034695927	0.011964113	9.826724
1754262046	ACC	0.032901313	0.011365907	9.829716
1754262055	ACC	0.032901313	-0.0047856453	9.812965
1754262063	ACC	0.04426722	-0.017347964	9.826126
1754262071	ACC	0.046061836	-0.014955142	9.813564
1754262080	ACC	0.032303106	-0.02213361	9.822537
1754262088	ACC	0.03708875	-0.011964113	9.826724
1754262096	ACC	0.037686955	-0.0017946169	9.826126
1754262105	ACC	0.037686955	-5.9820566E-4	9.819546
1754262113	ACC	0.029312078	0.0047856453	9.820743
1754262121	ACC	0.033499517	-5.9820566E-4	9.832706
1754262130	ACC	0.03888337	0.0017946169	9.824331
1754262138	ACC	0.032901313	0.008374879	9.824331
1754262146	ACC	0.033499517	0.0029910284	9.833304
1754262155	ACC	0.033499517	0.016151553	9.82493
1754262163	ACC	0.0424726	0.0035892338	9.824331
1754262171	ACC	0.038285162	-0.011964113	9.826724
1754262180	ACC	0.03589234	-0.016151553	9.807582
1754262188	ACC	0.04007978	-0.019740786	9.823733
1754262196	ACC	0.040677983	-0.01794617	9.815957
1754262205	ACC	0.037686955	-0.014955142	9.828519
1754262213	ACC	0.03589234	0.0	9.811171
1754262221	ACC	0.036490545	0.0077766734	9.817751
1754262230	ACC	0.038285162	0.018544376	9.823135
1754262238	ACC	0.039481573	0.008374879	9.817153
1754262246	ACC	0.044865426	0.0071784677	9.817153
1754262255	ACC	0.034097724	-0.0035892338	9.825528
1754262263	ACC	0.035294134	-0.010767702	9.826724
1754262271	ACC	0.03888337	-0.018544376	9.820743
1754262280	ACC	0.04007978	-0.01794617	9.816555
1754262288	ACC	0.035294134	-0.016151553	9.824331
1754262296	ACC	0.032303106	-0.013160525	9.81835
1754262305	ACC	0.04007978	-0.009571291	9.8219385
1754262313	ACC	0.035294134	0.0023928226	9.815957
1754262321	ACC	0.024526432	0.0047856453	9.823135
1754262330	ACC	0.032901313	0.011365907	9.82493
1754262338	ACC	0.03708875	0.017347964	9.819546
1754262346	ACC	0.03708875	0.0077766734	9.833304
1754262355	ACC	0.02751746	-0.0065802624	9.823135
1754262363	ACC	0.04007978	-0.017347964	9.820743
1754262371	ACC	0.04127619	-0.023928227	9.815957
1754262380	ACC	0.038285162	-0.01375873	9.814162
1754262388	ACC	0.03888337	-0.012562319	9.830314
1754262396	ACC	0.034695927	-0.005383851	9.817751
1754262405	ACC	0.038285162	0.0071784677	9.823135
1754262413	ACC	0.032901313	0.019142581	9.839885
1754262421	ACC	0.03589234	0.008973085	9.819546
1754262430	ACC	0.037686955	0.008973085	9.830912
1754262438	ACC	0.036490545	-0.01375873	9.822537
1754262447	ACC	0.031106694	-0.016749758	9.818948
1754262455	ACC	0.028115666	-0.024526432	9.81835
1754262463	ACC	0.034097724	-0.028115666	9.820144
1754262472	ACC	0.037686955	-0.014955142	9.826724
1754262480	ACC	0.03589234	-0.0041874396	9.823733
1754262488	ACC	0.04426722	0.018544376	9.827323
1754262497	ACC	0.035294134	0.019740786	9.833304
1754262505	ACC	0.03888337	0.014356935	9.815358
1754262513	ACC	0.041874398	0.019142581	9.826126
1754262522	ACC	0.0317049	-0.0011964113	9.8117695
1754262530	ACC	0.03888337	-0.0011964113	9.816555
1754262538	ACC	0.03888337	-0.009571291	9.823733
1754262547	ACC	0.03589234	-0.010767702	9.809975
1754262555	ACC	0.034695927	-0.016749758	9.836296
1754262563	ACC	0.03708875	-0.009571291	9.817751
1754262572	ACC	0.040677983	-0.0023928226	9.809377
1754262580	ACC	0.03589234	0.0035892338	9.820743
1754262588	ACC	0.032303106	0.010767702	9.813564
1754262597	ACC	0.032303106	0.010169496	9.818948
1754262605	ACC	0.03888337	0.011365907	9.825528
1754262613	ACC	0.040677983	0.0029910284	9.810573
1754262622	ACC	0.037686955	-0.01794617	9.826126
1754262630	ACC	0.02871387	-0.012562319	9.809377
1754262638	ACC	0.041874398	-0.020937199	9.808778
1754262647	ACC	0.03589234	-0.02213361	9.823135
1754262655	ACC	0.034695927	-0.012562319	9.817153
1754262663	ACC	0.040677983	-5.9820566E-4	9.826126
1754262672	ACC	0.03888337	0.0017946169	9.816555
1754262680	ACC	0.041874398	0.009571291	9.822537
1754262688	ACC	0.036490545	0.014356935	9.819546
1754262697	ACC	0.034097724	0.010767702	9.821341
1754262705	ACC	0.031106694	5.9820566E-4	9.825528
1754262713	ACC	0.05383851	-0.010767702	9.809377
1754262722	ACC	-0.0011964113	-0.0071784677	9.780663
1754262730	ACC	0.03708875	-0.023928227	9.896714
1754262738	ACC	0.047258247	-0.0077766734	9.822537
1754262747	ACC	0.036490545	0.010767702	9.769895
1754262755	ACC	0.029312078	-0.010169496	9.885947
1754262763	ACC	0.038285162	0.0047856453	9.77468
1754262772	ACC	0.0317049	-0.013160525	9.81835
1754262780	ACC	0.037686955	-0.023330022	9.822537
1754262788	ACC	0.03589234	-0.026919255	9.796216
1754262797	ACC	0.0424726	-0.0059820567	9.834501
1754262805	ACC	0.04127619	0.005383851	9.820144
1754262813	ACC	0.04366901	0.0317049	9.815358
1754262822	ACC	0.0317049	0.02751746	9.856635
1754262830	ACC	0.02871387	-0.0065802624	9.835697
1754262838	ACC	0.03888337	-0.026919255	9.810573
1754262847	ACC	0.050249275	-0.04546363	9.779466
1754262855	ACC	0.043070808	-0.032901313	9.837492
1754262863	ACC	0.040677983	-0.0011964113	9.8015995
1754262872	ACC	0.032303106	0.014955142	9.84826
1754262880	ACC	0.033499517	-0.0035892338	9.835099
1754262888	ACC	0.0317049	-0.017347964	9.803992
1754262897	ACC	0.04007978	-0.020937199	9.828519
1754262905	ACC	0.047856454	-0.011365907	9.837492
1754262913	ACC	0.044865426	0.029312078	9.821341
1754262922	ACC	0.0317049	0.028115666	9.8321085
1754262930	ACC	0.031106694	-0.0077766734	9.8219385
1754262938	ACC	0.04007978	-0.033499517	9.800404
1754262947	ACC	0.034695927	-0.050847482	9.80818
1754262955	ACC	0.039481573	-0.049052864	9.803394
1754262963	ACC	0.039481573	-0.008973085	9.805787
1754262972	ACC	0.030508488	0.024526432	9.830912
1754262980	ACC	0.019142581	0.02751746	9.827323
1754262988	ACC	0.02751746	0.013160525	9.8219385
1754262997	ACC	0.02632105	0.0017946169	9.809975
1754263005	ACC	0.02751746	-0.010169496	9.823733
1754263013	ACC	-0.019740786	0.009571291	9.817153
1754263022	ACC	-0.148355	0.09990034	9.809377
1754263030	ACC	-0.8757731	0.56530434	9.818948
1754263038	ACC	-0.78364944	0.42412782	9.817153
1754263047	ACC	-0.34157544	0.07178468	9.803992
1754263055	ACC	-0.032901313	-0.11784652	9.786645
1754263063	ACC	-0.23629123	0.0035892338	9.813564
1754263072	ACC	-0.24945176	0.026919255	9.836296
1754263080	ACC	-0.2219343	0.03888337	9.836296
1754263088	ACC	-0.34456646	0.086141616	9.83151
1754263097	ACC	-0.2739782	0.078963146	9.834501
1754263105	ACC	1.282553	-1.4171492	9.764511
1754263113	ACC	1.8406788	-0.2117648	9.815358
1754263122	ACC	0.41455653	0.10229317	9.788439
1754263130	ACC	0.021535404	0.036490545	9.807582
1754263138	ACC	0.0047856453	0.016151553	9.857831
1754263147	ACC	-0.04366901	-0.0077766734	9.829117
1754263155	ACC	-0.07477571	-0.051445685	9.799207
1754263163	ACC	-0.058624156	-0.08135597	9.793225
1754263172	ACC	-0.015553347	-0.062213387	9.785448
1754263180	ACC	0.0041874396	-0.04127619	9.795019
1754263188	ACC	0.029312078	-0.012562319	9.833304
1754263197	ACC	-0.0023928226	0.01375873	9.845867
1754263205	ACC	-0.08973085	-0.0065802624	9.83151
1754263213	ACC	-0.28115666	-0.09930214	9.846465
1754263222	ACC	-0.61435723	-0.047258247	9.826126
1754263230	ACC	-0.7573284	-5.9820566E-4	9.847662
1754263238	ACC	-0.9708878	0.09571291	9.815358
1754263247	ACC	-0.7298109	0.15373886	9.808778
1754263255	ACC	-0.025722843	0.051445685	9.793225
1754263263	ACC	0.106480606	0.09451649	9.799805
1754263272	ACC	0.38404804	-0.0059820567	9.841082
1754263280	ACC	0.6664011	-0.10229317	9.812965
1754263289	ACC	0.2321038	0.041874398	9.803394
1754263297	ACC	0.10348958	-0.053240303	9.851849
1754263305	ACC	0.13100705	-0.032901313	9.83809
1754263314	ACC	0.046061836	0.06759724	9.805787
1754263322	ACC	0.421735	0.01794617	9.815957
1754263330	ACC	0.47198427	-0.07178468	9.806385
1754263339	ACC	0.10767702	-0.03888337	9.835099
1754263347	ACC	-0.06520442	-0.019142581	9.809377
1754263355	ACC	-0.16749759	-0.0023928226	9.823135
1754263364	ACC	-0.3182454	0.013160525	9.824331
1754263372	ACC	-0.22432712	0.061016977	9.792028
1754263380	ACC	-0.24227329	0.0951147	9.805189
1754263389	ACC	-0.34396824	0.23330021	9.82493
1754263397	ACC	-0.24466611	0.15314065	9.875777
1754263405	ACC	-0.5288138	0.20697916	9.823135
1754263414	ACC	-0.785444	0.13519448	9.833903
1754263422	ACC	-0.71425754	0.08015956	9.8428755
1754263430	ACC	-0.8554341	0.05623133	9.810573
1754263439	ACC	-0.4959125	-0.025124637	9.762716
1754263447	ACC	-0.20697916	-0.23868406	9.784252
1754263455	ACC	0.631107	-0.3397808	9.850055
1754263464	ACC	0.76749784	-0.04426722	9.765109
1754263472	ACC	0.32841492	-0.12981063	9.802198
1754263480	ACC	0.34097722	0.054436713	9.865009
1754263489	ACC	0.45942193	-0.14476576	9.847662
1754263497	ACC	0.39720857	0.024526432	9.807582
1754263505	ACC	-0.096909314	0.0735793	9.815358
1754263514	ACC	-0.23389842	0.031106694	9.864411
1754263522	ACC	-0.46660042	-0.05383851	9.832706
1754263530	ACC	-0.317049	0.046061836	9.762716
1754263539	ACC	-0.6580262	0.124426775	9.836894
1754263547	ACC	-0.22253251	-0.24646074	9.8321085
1754263555	ACC	-0.38524446	0.016151553	9.84168
1754263564	ACC	-0.15553348	-0.14955142	9.8015995
1754263572	ACC	-0.2757728	0.037686955	9.7681
1754263580	ACC	0.12263216	-0.014356935	9.735199
1754263589	ACC	0.15433706	-0.17168503	9.81476
1754263597	ACC	0.276371	-0.096909314	9.786046
1754263605	ACC	0.49830532	-0.038285162	9.860822
1754263614	ACC	0.55334026	0.0029910284	9.81835
1754263622	ACC	0.05503492	0.048454657	9.813564
1754263630	ACC	-0.07298109	0.13220344	9.812367
1754263639	ACC	-0.22851457	0.111266255	9.821341
1754263647	ACC	0.19860429	0.01375873	9.782457
1754263655	ACC	-0.34157544	0.1369891	9.799207
1754263664	ACC	0.40917268	-0.1788635	9.803394
1754263672	ACC	0.5210371	-0.098703936	9.762716
1754263680	ACC	0.7710871	-0.16091733	9.80818
1754263689	ACC	0.21296121	-0.053240303	9.821341
1754263697	ACC	-0.116650105	-0.026919255	9.858429
1754263705	ACC	-0.85902333	0.123828575	9.823135
1754263714	ACC	-1.1270195	0.17288144	9.84168
1754263722	ACC	-0.99960166	0.10289137	9.866804
1754263730	ACC	-0.7088737	0.09810573	9.836894
1754263739	ACC	-0.3272185	-0.021535404	9.802198
1754263747	ACC	0.7692925	-0.32542387	9.763913
1754263755	ACC	0.5988039	0.020338992	9.7399845
1754263764	ACC	0.51086766	-0.09332009	9.83809
1754263772	ACC	0.023928227	0.016151553	9.85484
1754263780	ACC	0.035294134	-0.36251262	9.873982
1754263789	ACC	-0.85244304	0.22372891	9.879965
1754263797	ACC	-0.951147	0.21595225	9.821341
1754263805	ACC	-0.60059845	0.109471634	9.832706
1754263814	ACC	-0.6831509	0.055633128	9.84826
1754263822	ACC	0.1698904	-0.18005991	9.821341
1754263830	ACC	0.5282156	-0.14955142	9.7609215
1754263839	ACC	0.64247286	0.13938192	9.803992
1754263847	ACC	0.73519474	-0.0029910284	9.820144
1754263855	ACC	0.6472585	-0.111266255	9.824331
1754263864	ACC	0.59282184	0.052043892	9.823135
1754263872	ACC	0.50787663	-0.051445685	9.806385
1754263880	ACC	0.21415763	0.0071784677	9.847063
1754263889	ACC	0.037686955	-0.19322042	9.775877
1754263897	ACC	-0.28953153	-0.032901313	9.782457
1754263905	ACC	-0.020338992	-0.081954174	9.798011
1754263914	ACC	-0.51146585	0.032901313	9.758529
1754263922	ACC	-0.87218386	0.15732808	9.822537
1754263930	ACC	-0.37387854	0.083748795	9.886545
1754263939	ACC	-0.58624154	-0.11006984	9.788439
1754263947	ACC	-0.098703936	-0.086141616	9.866206
1754263955	ACC	-0.30987054	0.05383851	9.827323
1754263964	ACC	-0.46121657	0.10229317	9.867402
1754263972	ACC	-0.23150559	-0.07178468	9.820144
1754263980	ACC	-0.24825534	-0.04127619	9.853045
1754263989	ACC	-0.0041874396	0.011964113	9.738789
1754263997	ACC	0.19920248	-0.15972091	9.778868
1754264005	ACC	0.28295127	-0.053240303	9.803394
1754264014	ACC	0.58983076	-0.1585245	9.75135
1754264022	ACC	0.7573284	-0.21954148	9.838689
1754264030	ACC	0.30209386	0.119042926	9.789038
1754264039	ACC	0.4743771	-0.31046873	9.78485
1754264047	ACC	-0.40677986	0.1477568	9.887143
1754264055	ACC	-0.029312078	-0.025722843	9.822537
1754264064	ACC	-0.59282184	0.33260235	9.824331
1754264072	ACC	-0.82971126	0.12083755	9.8117695
1754264080	ACC	-0.4941179	-0.098703936	9.848858
1754264089	ACC	-0.5383851	0.23629123	9.91466
1754264097	ACC	-0.15672988	0.32303107	9.735797
1754264105	ACC	0.04426722	-0.106480606	9.837492
1754264114	ACC	-0.50368917	0.39720857	9.872188
1754264122	ACC	0.15014961	-0.38285163	9.753743
1754264130	ACC	0.6023931	-0.5802595	9.906884
1754264139	ACC	-0.23509483	0.08315059	9.862617
1754264147	ACC	-0.8243274	0.21954148	9.840483
1754264156	ACC	-0.69332033	0.078963146	9.858429
1754264164	ACC	-0.38524446	-0.043070808	9.884152
1754264172	ACC	-0.40977088	0.12562318	9.683155
1754264181	ACC	0.031106694	-0.08315059	9.787841
1754264189	ACC	0.21535404	0.11425728	9.860224
1754264197	ACC	0.21415763	0.35294133	9.798011
1754264206	ACC	0.8153543	-0.41994038	9.865608
1754264214	ACC	0.8321041	0.010767702	9.820743
1754264222	ACC	0.54675996	-0.093918286	9.765109
1754264231	ACC	0.7082755	-0.20578274	9.854242
1754264239	ACC	0.45822555	-0.12622139	9.865608
1754264247	ACC	0.21655045	0.13579269	9.779466
1754264256	ACC	0.573081	-0.19980069	9.8321085
1754264264	ACC	-0.39661035	0.15732808	9.812367
1754264272	ACC	-0.5623133	0.07238288	9.840483
1754264281	ACC	-0.52582276	0.22971097	9.858429
1754264289	ACC	-0.13160525	-0.1268196	9.798609
1754264297	ACC	-0.6831509	0.24765715	9.926624
1754264306	ACC	0.34037903	-0.0424726	9.834501
1754264314	ACC	0.5306084	-0.19322042	9.860822
1754264322	ACC	0.45224348	-0.059820566	9.885348
1754264331	ACC	0.17048861	-0.029910283	9.854242
1754264339	ACC	0.3361916	-0.052043892	9.757931
1754264347	ACC	-0.70289165	0.055633128	9.858429
1754264356	ACC	-0.8177471	-0.03888337	9.85484
1754264364	ACC	-1.012164	-0.054436713	9.81476
1754264372	ACC	-1.1060823	0.2434697	9.837492
1754264381	ACC	0.22313072	-0.12203395	9.824331
1754264389	ACC	0.32362926	-5.9820566E-4	9.873982
1754264397	ACC	0.5168497	-0.071186475	9.792626
1754264406	ACC	0.36131623	0.08673982	9.859028
1754264414	ACC	0.29312077	-0.047856454	9.8015995
1754264422	ACC	-0.11784652	0.18903299	9.868001
1754264431	ACC	-0.17228323	0.10707881	9.814162
1754264439	ACC	-0.09272188	0.061016977	9.891929
1754264447	ACC	0.5844469	-0.21595225	9.723235
1754264456	ACC	0.9834501	-0.37567315	9.749556
1754264464	ACC	0.23569304	0.0424726	9.775279
1754264472	ACC	0.36490545	-0.16869399	9.796814
1754264481	ACC	-0.13459627	0.069391854	9.865009
1754264489	ACC	0.28773692	0.008973085	9.829117
1754264497	ACC	0.48035914	-0.19800608	9.777672
1754264506	ACC	0.4121637	-0.15792629	9.862617
1754264514	ACC	-0.012562319	0.055633128	9.812367
1754264522	ACC	-0.42412782	0.07836494	9.8428755
1754264531	ACC	-0.14356937	-0.22612174	9.882358
1754264539	ACC	-0.051445685	0.16151553	9.84826
1754264547	ACC	0.23688944	-0.25004998	9.753145
1754264556	ACC	0.19740787	-0.2853441	9.91825
1754264564	ACC	-0.12861422	0.091525465	9.716056
1754264572	ACC	-0.52163535	-0.09930214	9.751948
1754264581	ACC	-0.20338993	-0.1477568	9.859626
1754264589	ACC	-0.15254244	-0.03708875	9.798609
1754264597	ACC	-0.48993045	0.19860429	9.766904
1754264606	ACC	0.066400826	0.19680966	9.853045
1754264614	ACC	0.24227329	0.18604197	9.838689
1754264622	ACC	0.36610186	0.24765715	9.841082
1754264631	ACC	1.2843475	0.011365907	9.811171
1754264639	ACC	0.73818576	-0.17766708	9.757931
1754264647	ACC	0.18723837	0.0041874396	9.866804
1754264656	ACC	-0.381057	0.6155536	9.794421
1754264664	ACC	0.17826529	-0.1381855	9.760324
1754264672	ACC	-0.33200413	-0.12083755	9.902099
1754264681	ACC	-0.49232325	0.2847459	9.719048
1754264689	ACC	-0.62811595	-0.27337998	9.897911
1754264697	ACC	-0.58504516	-0.0041874396	9.886545
1754264706	ACC	0.047258247	-0.16151553	9.839287
1754264714	ACC	-0.5240282	0.22851457	9.879965
1754264722	ACC	-1.6402799	0.35653058	9.906285
1754264731	ACC	-1.1611172	-0.12203395	9.806385
1754264739	ACC	-0.6550352	0.12203395	9.729217
1754264747	ACC	0.041874398	0.22372891	9.773484
1754264756	ACC	1.5804594	-0.86141616	9.932607
1754264764	ACC	1.622932	-0.64606214	9.835099
1754264772	ACC	1.5690935	-0.20398813	9.839885
1754264781	ACC	0.036490545	0.27337998	9.765707
1754264789	ACC	-0.13998012	0.23090738	9.793225
1754264797	ACC	-0.84167534	0.29671	9.829716
1754264806	ACC	-0.3385844	0.16211374	9.820144
1754264814	ACC	-0.40438703	0.1381855	9.932009
1754264822	ACC	-0.18903299	0.13938192	9.899107
1754264831	ACC	-0.2111666	0.2632105	9.845867
1754264839	ACC	0.25842485	-0.5401797	9.923634
1754264847	ACC	0.10348958	-0.0047856453	9.783055
1754264856	ACC	-0.016151553	0.19262223	9.956535
1754264864	ACC	0.17407785	-0.18604197	9.742975
1754264872	ACC	0.1274178	0.14117654	9.855438
1754264881	ACC	-1.0600204	0.39361933	9.897911
1754264889	ACC	-0.8739785	-0.19980069	9.869795
1754264897	ACC	-0.3822534	0.109471634	9.783653
1754264906	ACC	0.20817557	-0.2219343	9.80818
1754264914	ACC	0.4319045	-0.0526421	9.769297
1754264922	ACC	0.07058827	0.23449662	9.830314
1754264931	ACC	-0.30209386	0.24646074	9.707084
1754264939	ACC	-0.39601216	0.22432712	9.780663
1754264947	ACC	0.12622139	0.09571291	9.833903
1754264956	ACC	0.34337005	0.15553348	9.870992
1754264964	ACC	1.2346965	-0.40498522	9.7908325
1754264972	ACC	0.25663024	0.17527425	9.821341
1754264981	ACC	-0.5982057	0.023330022	9.93799
1754264989	ACC	-0.82731843	0.05922236	9.713663
1754264997	ACC	-0.17108682	0.068793654	9.88834
1754265006	ACC	-0.053240303	-0.1268196	9.802198
1754265014	ACC	-0.2105684	0.05682954	9.810573
1754265023	ACC	-0.8422736	0.29850462	9.845269
1754265031	ACC	0.34337005	-0.60000026	9.862617
1754265039	ACC	-0.4743771	0.50189453	9.795618
1754265048	ACC	0.50488555	-0.12921242	9.938589
1754265056	ACC	-0.31166515	-0.096909314	9.882358
1754265064	ACC	-1.4201403	0.34157544	9.87458
1754265073	ACC	-0.54317075	-0.16211374	9.910473
1754265081	ACC	-0.87637126	0.0017946169	9.873384
1754265089	ACC	-0.034097724	-0.064008005	9.798609
1754265098	ACC	0.14117654	0.08853444	9.773484
1754265106	ACC	0.6681957	-0.16331014	9.665209
1754265114	ACC	-0.025124637	0.20578274	9.73819
1754265123	ACC	0.22432712	0.011964113	9.845269
1754265131	ACC	0.11425728	0.038285162	9.798011
1754265139	ACC	0.26859435	0.3056831	9.73819
1754265148	ACC	0.67417777	-0.18903299	9.668798
1754265156	ACC	0.29132617	0.13938192	9.866804
1754265164	ACC	-0.43848476	0.12921242	9.755538
1754265173	ACC	-0.4851448	0.050847482	9.679565
1754265181	ACC	-0.3475575	0.036490545	10.044471
1754265189	ACC	-0.76689965	0.08075777	9.87458
1754265198	ACC	-0.84107715	0.11964113	9.796216
1754265206	ACC	-0.05383851	-0.34217364	9.876974
1754265214	ACC	1.2131611	-0.33559337	9.884152
1754265223	ACC	0.66759753	-0.07058827	9.816555
1754265231	ACC	0.24227329	0.34337005	9.826126
1754265239	ACC	-0.24885355	0.017347964	9.928419
1754265248	ACC	-0.37567315	0.27696922	9.790234
1754265256	ACC	0.04366901	0.005383851	9.689137
1754265264	ACC	-0.0011964113	0.26021945	9.832706
1754265273	ACC	1.2873386	-0.106480606	9.816555
1754265281	ACC	0.5192425	0.036490545	9.7298155
1754265289	ACC	0.4743771	-0.12203395	9.873384
1754265298	ACC	0.849452	0.21954148	9.825528
1754265306	ACC	-0.053240303	0.46301118	9.905687
1754265314	ACC	0.34217364	0.03888337	9.812367
1754265323	ACC	0.38165522	-0.07836494	9.79143
1754265331	ACC	0.32422748	-0.020937199	9.926026
1754265339	ACC	0.718445	-0.08315059	9.927223
1754265348	ACC	-0.3894319	0.29012975	9.695119
1754265356	ACC	-0.4336991	0.034695927	9.737592
1754265364	ACC	0.3278167	0.032901313	9.837492
1754265373	ACC	0.34516466	-0.25782663	9.799207
1754265381	ACC	0.24466611	-0.212363	9.857233
1754265389	ACC	0.7746763	-0.07836494	10.068399
1754265398	ACC	0.7495517	-0.13399807	9.768699
1754265406	ACC	0.23509483	0.20578274	9.716056
1754265414	ACC	0.20638095	-0.031106694	9.752547
1754265423	ACC	0.19381863	0.15493527	9.87458
1754265431	ACC	-0.008973085	0.06819545	9.857831
1754265439	ACC	0.30388847	-0.011365907	9.915258
1754265448	ACC	-0.0023928226	-0.10289137	9.732806
1754265456	ACC	-0.11784652	0.07537391	9.777672
1754265464	ACC	0.23150559	0.038285162	9.84826
1754265473	ACC	0.24825534	-0.17766708	9.708878
1754265481	ACC	-0.10767702	-0.05503492	9.8117695
1754265489	ACC	0.4977071	-0.053240303	9.833304
1754265498	ACC	0.14476576	-0.05802595	9.771091
1754265506	ACC	0.38285163	0.0023928226	9.763913
1754265514	ACC	1.0683953	-0.2973082	9.777073
1754265523	ACC	0.37627137	-0.043070808	9.823733
1754265531	ACC	-0.119042926	0.09571291	9.816555
1754265539	ACC	-0.69930243	0.19621146	9.930812
1754265548	ACC	-0.61016977	-0.0041874396	9.817751
1754265556	ACC	-0.4354937	0.09571291	9.862019
1754265564	ACC	-0.232702	0.07477571	9.793823
1754265573	ACC	0.28713873	0.0017946169	9.742377
1754265581	ACC	0.17288144	-0.05503492	9.927821
1754265589	ACC	-0.23569304	0.32063824	9.839287
1754265598	ACC	0.43669012	-0.3367898	9.786645
1754265606	ACC	-0.19621146	0.1381855	9.850055
1754265614	ACC	0.22971097	-0.22013968	9.797412
1754265623	ACC	-0.35114673	-0.04366901	9.8428755
1754265631	ACC	-0.715454	0.047856454	9.8015995
1754265639	ACC	-0.5395815	-0.02213361	9.8632145
1754265648	ACC	-0.58564335	0.06520442	9.733404
1754265656	ACC	-0.5623133	0.1585245	9.772287
1754265664	ACC	-0.12083755	-0.13579269	9.782457
1754265673	ACC	-0.75613195	0.18783657	9.840483
1754265681	ACC	0.74596244	-0.276371	9.847063
1754265689	ACC	0.014955142	0.02213361	9.772287
1754265698	ACC	-0.13519448	0.022731815	9.815957
1754265706	ACC	-0.29491538	0.091525465	9.81835
1754265714	ACC	-0.5838487	0.23030917	9.875777
1754265723	ACC	-0.052043892	-0.09272188	9.858429
1754265731	ACC	-0.34217364	0.15493527	9.802198
1754265739	ACC	-0.84347	0.009571291	9.838689
1754265748	ACC	-0.8554341	0.25064817	9.812367
1754265756	ACC	-0.4408776	0.2219343	9.79143
1754265764	ACC	0.16331014	-0.2219343	9.781859
1754265773	ACC	-0.58983076	0.3068795	9.83151
1754265781	ACC	-0.7800602	0.22013968	9.800404
1754265789	ACC	-0.485743	-0.089132644	9.788439
1754265798	ACC	-1.0779666	0.29192436	9.764511
1754265806	ACC	-0.5724828	-0.18185452	9.829716
1754265814	ACC	-0.5617151	0.034695927	9.775279
1754265823	ACC	-0.22612174	-0.07477571	9.840483
1754265831	ACC	-0.7573284	0.015553347	9.742975
1754265839	ACC	-0.4438686	0.05742774	9.723235
1754265848	ACC	-0.22372891	-0.148355	9.94158
1754265856	ACC	0.22073789	-0.30987054	9.904491
1754265864	ACC	0.091525465	-0.096311115	9.826724
1754265873	ACC	0.72741807	-0.08973085	9.879965
1754265881	ACC	0.38763726	0.048454657	9.876974
1754265890	ACC	0.62811595	-0.23030917	9.788439
1754265898	ACC	0.25184458	0.1788635	9.792028
1754265906	ACC	0.016151553	0.05802595	9.77827
1754265915	ACC	1.1090733	-0.04127619	9.615558
1754265923	ACC	0.30867413	0.22492532	9.767502
1754265931	ACC	-0.11485548	0.6263213	9.900902
1754265940	ACC	0.16570297	0.09332009	9.643674
1754265948	ACC	-0.35712877	0.36789647	9.8015995
1754265956	ACC	0.28175488	0.012562319	9.8937235
1754265965	ACC	0.77587277	-0.11425728	9.625728
1754265973	ACC	0.5312066	0.08315059	9.742377
1754265981	ACC	0.35114673	-0.12323037	9.798011
1754265990	ACC	0.17347965	-0.16151553	9.8117695
1754265998	ACC	-0.8003992	0.12981063	9.856036
1754266006	ACC	-1.0025927	0.058624156	10.067801
1754266015	ACC	-1.5804594	0.50189453	9.978668
1754266023	ACC	-0.57846487	-0.05383851	10.00798
1754266031	ACC	-0.2009971	-0.1896312	9.968499
1754266040	ACC	0.41994038	0.12562318	9.927821
1754266048	ACC	1.5230316	-0.38344982	9.769895
1754266056	ACC	1.2358929	0.016151553	9.908679
1754266065	ACC	0.8805587	-0.1052842	9.930812
1754266073	ACC	0.5820541	0.11724831	9.869795
1754266081	ACC	-0.2961118	0.13220344	9.834501
1754266090	ACC	-0.2739782	0.10229317	9.827921
1754266098	ACC	-0.18424734	-0.076570325	9.838689
1754266106	ACC	-0.55393845	0.57906306	9.848858
1754266115	ACC	0.1268196	-0.104087785	9.7681
1754266123	ACC	0.5288138	0.0011964113	9.8428755
1754266131	ACC	1.2191432	-0.22971097	9.758529
1754266140	ACC	0.40378883	0.22911277	9.853643
1754266148	ACC	-0.23509483	0.3595216	9.857233
1754266156	ACC	-0.6903293	0.20219351	9.743574
1754266165	ACC	0.0011964113	-0.19381863	9.719048
1754266173	ACC	-0.61854464	0.1698904	9.844072
1754266181	ACC	0.23330021	-0.1692922	9.807582
1754266190	ACC	-0.22671995	0.20638095	9.875179
1754266198	ACC	0.3062813	-0.14476576	9.783055
1754266206	ACC	0.76271224	-0.15254244	9.850055
1754266215	ACC	-0.0077766734	-0.10468599	9.922438
1754266223	ACC	-0.2434697	0.0317049	9.844072
1754266231	ACC	-0.07058827	0.0011964113	9.876974
1754266240	ACC	-0.44027936	0.22971097	9.655638
1754266248	ACC	-0.04366901	-0.1363909	9.211769
1754266256	ACC	-0.078963146	0.2656033	10.202995
1754266265	ACC	0.42891344	-0.09930214	10.643873
1754266273	ACC	-0.4546363	0.15493527	8.69791
1754266281	ACC	0.96490574	-0.08315059	10.6103735
1754266290	ACC	1.0749756	-0.07298109	9.953544
1754266298	ACC	0.77647096	-0.2440679	9.589835
1754266306	ACC	0.13998012	-0.038285162	9.684352
1754266315	ACC	-0.613759	0.07058827	9.902697
1754266323	ACC	-0.3714857	0.1058824	9.786046
1754266331	ACC	-0.36011982	0.12981063	9.789038
1754266340	ACC	-0.3702893	0.07836494	9.84168
1754266348	ACC	-0.971486	0.34516466	9.699904
1754266356	ACC	-0.24526432	-0.24107689	9.973285
1754266365	ACC	-0.36430725	0.022731815	9.73819
1754266373	ACC	-0.25603202	0.16510476	9.672387
1754266381	ACC	-0.71365935	0.08973085	9.896116
1754266390	ACC	-1.099502	0.08015956	9.793225
1754266398	ACC	-0.9822537	0.0047856453	10.031909
1754266406	ACC	-0.4881358	-0.15493527	10.080363
1754266415	ACC	-0.77826554	0.13758731	9.68136
1754266423	ACC	-0.79800636	0.09990034	9.750752
1754266431	ACC	-1.1144571	0.08135597	9.904491
1754266440	ACC	-0.3894319	0.109471634	9.592228
1754266448	ACC	0.86560357	-0.021535404	9.734002
1754266456	ACC	0.7088737	-0.08733802	9.788439
1754266465	ACC	0.3786642	0.17826529	9.936794
1754266473	ACC	0.33320054	-0.27038896	9.890134
1754266481	ACC	-0.4546363	-0.034695927	9.876375
1754266490	ACC	-0.011964113	0.076570325	9.813564
1754266498	ACC	0.09451649	-0.10229317	9.809377
1754266506	ACC	-0.25782663	0.109471634	9.805189
1754266515	ACC	-0.37387854	0.023330022	9.81835
1754266523	ACC	-0.52522457	0.14596218	9.856635
1754266531	ACC	-0.15672988	-0.20638095	9.830314
1754266540	ACC	-0.87158567	0.10348958	9.753145
1754266548	ACC	-0.16091733	-0.10827523	9.814162
1754266556	ACC	-0.71724856	0.27038896	9.783055
1754266565	ACC	-0.02751746	-0.34037903	9.760324
1754266573	ACC	-0.5617151	0.124426775	10.025927
1754266581	ACC	-0.16630118	-0.008374879	9.899706
1754266590	ACC	-0.0741775	0.05682954	9.758529
1754266598	ACC	0.0951147	0.0526421	9.880563
1754266606	ACC	0.42891344	-0.06281159	9.775877
1754266615	ACC	0.421735	0.11365908	9.886545
1754266623	ACC	0.46959144	-0.0011964113	9.933205
1754266631	ACC	0.44925246	-0.08135597	9.918848
1754266640	ACC	0.43908295	0.019740786	9.82493
1754266648	ACC	0.38883367	-0.020937199	9.801002
1754266656	ACC	-0.10767702	-0.02871387	9.808778
1754266665	ACC	-0.20458634	-0.020937199	9.79143
1754266673	ACC	-0.14177474	0.029910283	9.822537
1754266681	ACC	-0.317049	0.2883351	9.893126
1754266690	ACC	-0.23868406	0.1585245	9.77827
1754266698	ACC	0.2973082	-0.08973085	9.83151
1754266706	ACC	0.2428715	-0.030508488	9.915258
1754266715	ACC	0.09092726	0.17228323	9.704092
1754266723	ACC	-0.4223332	0.020937199	9.841082
1754266732	ACC	-0.07537391	0.0071784677	9.875179
1754266740	ACC	0.20578274	-0.031106694	9.756136
1754266748	ACC	-0.5694918	0.10887343	9.720243
1754266756	ACC	-0.2009971	-0.025722843	9.816555
1754266765	ACC	-0.7082755	0.053240303	9.737592
1754266773	ACC	-0.31286156	-0.08015956	9.760324
1754266782	ACC	0.29970104	-0.0059820567	9.757333
1754266790	ACC	-0.047258247	0.043070808	9.742377
1754266798	ACC	0.19082761	-0.04546363	9.753743
1754266807	ACC	0.064008005	-0.061615184	9.809377
1754266815	ACC	0.5844469	0.022731815	9.887143
1754266823	ACC	0.6861419	-0.044865426	9.83151
1754266832	ACC	0.31166515	0.07537391	9.799207
1754266840	ACC	0.7322037	-0.04007978	9.912268
1754266848	ACC	0.7052845	0.01794617	9.855438
1754266857	ACC	0.22073789	0.09272188	9.82493
1754266865	ACC	0.4642076	0.0424726	9.741779
1754266873	ACC	0.111864455	0.068793654	9.894919
1754266882	ACC	-0.14237295	-0.014955142	9.847063
1754266890	ACC	-0.37746778	-0.055633128	9.755538
1754266898	ACC	-0.29012975	-0.0023928226	9.844072
1754266907	ACC	-0.6789634	0.15972091	9.894919
1754266915	ACC	-1.0396814	0.069391854	9.741181
1754266923	ACC	-0.9595219	0.13339986	9.851849
1754266932	ACC	-1.2197413	0.21894327	9.803992
1754266940	ACC	-0.48095736	-0.19381863	9.689137
1754266948	ACC	-0.45104706	0.15792629	9.773484
1754266957	ACC	-0.33379877	-0.047258247	9.771091
1754266965	ACC	-0.25722843	-0.08973085	9.7681
1754266973	ACC	0.07836494	-0.039481573	9.972089
1754266982	ACC	-0.083748795	-0.010169496	9.853643
1754266990	ACC	0.38763726	-0.058624156	9.940982
1754266998	ACC	0.01375873	0.14895321	9.732208
1754267007	ACC	-0.1058824	0.23449662	9.753145
1754267015	ACC	0.5401797	-0.093918286	9.817153
1754267023	ACC	-0.084346995	-0.02871387	9.950553
1754267032	ACC	0.047856454	0.05682954	9.849456
1754267040	ACC	-0.32422748	-0.054436713	9.7501545
1754267048	ACC	-0.5312066	0.08733802	9.7908325
1754267057	ACC	-0.634098	-0.19501504	9.8321085
1754267065	ACC	-0.9385847	0.37686956	9.863813
1754267073	ACC	-0.61914283	0.14416756	9.771689
1754267082	ACC	-0.18604197	0.15672988	9.846465
1754267090	ACC	0.48275197	0.061615184	9.85484
1754267098	ACC	0.3487539	0.212363	9.759726
1754267107	ACC	0.35353956	-0.041874398	9.83151
1754267115	ACC	0.17288144	-0.023330022	9.800404
1754267123	ACC	0.54436713	-0.2117648	9.81476
1754267132	ACC	-0.12622139	0.0017946169	9.636495
1754267140	ACC	0.089132644	-0.04366901	9.786046
1754267148	ACC	0.23808585	-0.086141616	9.833304
1754267157	ACC	-0.45044887	0.098703936	9.891331
1754267165	ACC	-0.40857446	0.18723837	9.832706
1754267173	ACC	-0.76570326	0.2632105	9.736994
1754267182	ACC	-0.24047868	0.30388847	9.779466
1754267190	ACC	0.53300124	0.016749758	9.876974
1754267198	ACC	1.0719845	-0.2105684	9.853045
1754267207	ACC	0.6029913	0.0634098	9.864411
1754267215	ACC	0.47377887	-0.13519448	9.725628
1754267223	ACC	-0.29132617	0.076570325	9.803992
1754267232	ACC	-0.3595216	-0.076570325	9.895518
1754267240	ACC	-0.29252258	0.2213361	9.946365
1754267248	ACC	0.72023964	-0.36251262	9.769895
1754267257	ACC	0.24765715	0.2943172	9.845269
1754267265	ACC	-0.12622139	-0.0059820567	9.856635
1754267273	ACC	-0.09451649	0.046061836	9.805189
1754267282	ACC	-0.72741807	0.32303107	9.860822
1754267290	ACC	-0.42652065	-0.016749758	9.789636
1754267298	ACC	-0.11066805	0.10229317	9.7501545
1754267307	ACC	0.40259242	-0.27816564	9.750752
1754267315	ACC	0.27996024	-0.011365907	9.880563
1754267323	ACC	-0.081954174	0.1698904	9.753743
1754267332	ACC	-0.13579269	0.04546363	9.881161
1754267340	ACC	-0.18125631	0.07238288	9.780663
1754267348	ACC	0.39720857	-0.023330022	9.819546
1754267357	ACC	-0.3188436	0.022731815	9.837492
1754267365	ACC	-0.42891344	0.15972091	9.823135
1754267373	ACC	0.29072794	-0.09032906	9.783653
1754267382	ACC	0.14596218	-0.014356935	9.920643
1754267390	ACC	0.36311084	-0.011964113	9.772886
1754267398	ACC	0.06819545	0.024526432	9.799805
1754267407	ACC	0.36729828	-0.16331014	9.878768
1754267415	ACC	0.465404	0.14237295	9.859626
1754267423	ACC	-0.4319045	0.1477568	9.83151
1754267432	ACC	-0.47856453	0.068793654	9.855438
1754267440	ACC	-0.13758731	-0.06520442	9.850055
1754267448	ACC	-0.13339986	0.008973085	9.83809
1754267457	ACC	0.38763726	-0.0065802624	9.870394
1754267465	ACC	0.6454639	-0.048454657	9.856036
1754267473	ACC	0.071186475	0.084346995	9.865009
1754267482	ACC	0.46002015	0.041874398	9.8835535
1754267490	ACC	0.5240282	0.02632105	9.843474
1754267498	ACC	0.8859426	0.21774685	9.7908325
1754267507	ACC	1.602593	0.20279172	9.780663
1754267515	ACC	2.8492537	-0.3469593	9.789038
1754267523	ACC	1.777269	-0.010767702	9.81835
1754267532	ACC	0.9164511	0.010767702	9.829117
1754267540	ACC	0.36490545	0.04426722	9.827323
1754267548	ACC	0.033499517	0.049052864	9.835697
1754267557	ACC	-0.07058827	0.016749758	9.809975
1754267565	ACC	-0.053240303	0.0035892338	9.827921
1754267573	ACC	-0.36131623	0.013160525	9.816555
1754267582	ACC	-0.5407779	0.014356935	9.820144
1754267590	ACC	-0.4564309	0.02871387	9.826724
1754267599	ACC	-0.4881358	0.038285162	9.835697
1754267607	ACC	-0.40857446	0.046660043	9.829117
1754267615	ACC	-0.059820566	0.034097724	9.825528
1754267624	ACC	0.27936205	0.015553347	9.818948
1754267632	ACC	0.20219351	0.03589234	9.820144
1754267640	ACC	0.26081768	0.046061836	9.812367
1754267649	ACC	-0.0041874396	0.017347964	9.824331
1754267657	ACC	-0.08554341	-0.015553347	9.805189
1754267665	ACC	-0.19082761	0.01375873	9.821341
1754267674	ACC	-0.5455636	-0.0065802624	9.832706
1754267682	ACC	-0.65682983	0.015553347	9.814162
1754267690	ACC	-0.73100734	0.0029910284	9.835697
1754267699	ACC	-0.64606214	0.037686955	9.823135
1754267707	ACC	-0.51445687	0.09930214	9.809975
1754267715	ACC	0.43130627	-0.019142581	9.84467
1754267724	ACC	0.47138608	-0.021535404	9.83151
1754267732	ACC	0.2536392	0.0077766734	9.826126
1754267740	ACC	0.785444	0.03708875	9.819546
1754267749	ACC	0.5389833	0.052043892	9.819546
1754267757	ACC	0.4671986	5.9820566E-4	9.817751
1754267765	ACC	0.23330021	0.02751746	9.825528
1754267774	ACC	0.14237295	0.022731815	9.8219385
1754267782	ACC	-0.018544376	0.019740786	9.816555
1754267790	ACC	-0.10827523	0.014356935	9.822537
1754267799	ACC	-0.10289137	0.017347964	9.828519
1754267807	ACC	-0.033499517	0.011365907	9.835099
1754267815	ACC	-0.09092726	0.012562319	9.824331
1754267824	ACC	-0.14476576	0.011964113	9.81835
1754267832	ACC	-0.18544376	0.033499517	9.801002
1754267840	ACC	-0.148355	0.019142581	9.812965
1754267849	ACC	-0.25722843	0.034695927	9.819546
1754267857	ACC	-0.3152544	0.049052864	9.803394
1754267865	ACC	-0.0634098	0.04366901	9.817751
1754267874	ACC	0.13519448	0.0071784677	9.830314
1754267882	ACC	0.046061836	0.013160525	9.820144
1754267890	ACC	-0.030508488	0.035294134	9.8117695
1754267899	ACC	-0.09750752	0.034097724	9.817153
1754267907	ACC	0.029312078	0.034695927	9.822537
1754267915	ACC	0.06999006	0.036490545	9.820144
1754267924	ACC	0.13280165	0.033499517	9.826126
1754267932	ACC	0.05623133	0.02751746	9.824331
1754267940	ACC	-0.08015956	0.023330022	9.820743
1754267949	ACC	-0.03589234	0.014955142	9.815957
1754267957	ACC	-0.019142581	0.016151553	9.8219385
1754267965	ACC	-0.03589234	0.020937199	9.823135
1754267974	ACC	-0.18783657	-0.0059820567	9.823135
1754267982	ACC	-0.13040884	0.039481573	9.81476
1754267990	ACC	-0.03589234	0.037686955	9.829117
1754267999	ACC	-0.11545369	0.041874398	9.829716
1754268007	ACC	-0.18245272	0.052043892	9.823733
1754268015	ACC	-0.14536397	0.011365907	9.812965
1754268024	ACC	-0.07058827	0.036490545	9.817751
1754268032	ACC	0.09332009	0.0035892338	9.815358
1754268040	ACC	0.083748795	0.020937199	9.809975
1754268049	ACC	0.06819545	0.010169496	9.820743
1754268057	ACC	0.011365907	0.04127619	9.813564
1754268065	ACC	-0.0735793	0.038285162	9.82493
1754268074	ACC	-0.111266255	0.038285162	9.817153
1754268082	ACC	-0.106480606	0.029910283	9.8219385
1754268090	ACC	-0.2015953	0.029312078	9.828519
1754268099	ACC	-0.12083755	0.024526432	9.830314
1754268107	ACC	-0.07956135	0.020937199	9.824331
1754268115	ACC	-0.035294134	0.009571291	9.823733
1754268124	ACC	0.03888337	0.019740786	9.825528
1754268132	ACC	0.03888337	0.030508488	9.814162
1754268140	ACC	0.02751746	0.02871387	9.812965
1754268149	ACC	-0.023330022	0.02213361	9.822537
1754268157	ACC	-0.02213361	0.023928227	9.817751
1754268165	ACC	-0.04965107	0.018544376	9.822537
1754268174	ACC	-0.07597212	0.011964113	9.821341
1754268182	ACC	-0.06580263	0.018544376	9.815957
1754268190	ACC	-0.0634098	0.016151553	9.81835
1754268199	ACC	-0.071186475	0.019142581	9.823135
1754268207	ACC	-0.051445685	0.04007978	9.828519
1754268215	ACC	-0.044865426	0.036490545	9.822537
1754268224	ACC	-0.029910283	0.0424726	9.823135
1754268232	ACC	-0.04426722	0.036490545	9.817751
1754268240	ACC	-0.0634098	0.029910283	9.820743
1754268249	ACC	-0.09212367	0.011365907	9.827921
1754268257	ACC	-0.071186475	0.005383851	9.820743
1754268265	ACC	-0.061615184	0.0047856453	9.829117
1754268274	ACC	-0.08973085	-0.0035892338	9.817153
1754268282	ACC	-0.043070808	0.039481573	9.816555
1754268290	ACC	-0.04546363	0.047258247	9.8117695
1754268299	ACC	-0.04546363	0.046660043	9.81835
1754268307	ACC	-0.06819545	0.04127619	9.823733
1754268315	ACC	-0.040677983	0.05682954	9.819546
1754268324	ACC	-0.036490545	0.04546363	9.829716
1754268332	ACC	-0.046660043	0.040677983	9.821341
1754268340	ACC	-0.05802595	0.016749758	9.818948
1754268349	ACC	-0.06281159	0.020338992	9.820144
1754268357	ACC	-0.06281159	0.02213361	9.814162
1754268365	ACC	-0.068793654	0.02632105	9.820743
1754268374	ACC	-0.062213387	0.028115666	9.813564
1754268382	ACC	-0.064008005	0.032901313	9.820743
1754268390	ACC	-0.062213387	0.032901313	9.819546
1754268399	ACC	-0.0634098	0.0424726	9.822537
1754268407	ACC	-0.059820566	0.029312078	9.825528
1754268415	ACC	-0.06520442	0.036490545	9.815957
1754268424	ACC	-0.061615184	0.029910283	9.835697
1754268432	ACC	-0.05922236	0.010767702	9.815358
1754268440	ACC	-0.06819545	0.023330022	9.826724
1754268449	ACC	-0.060418773	0.019740786	9.819546
1754268457	ACC	-0.068793654	0.029910283	9.820743
1754268466	ACC	-0.0634098	0.036490545	9.813564
1754268474	ACC	-0.06580263	0.035294134	9.818948
1754268482	ACC	-0.06580263	0.034097724	9.816555
1754268491	ACC	-0.068793654	0.032303106	9.820743
1754268499	ACC	-0.06759724	0.023928227	9.81835
1754268507	ACC	-0.0735793	0.020338992	9.817751
1754268516	ACC	-0.062213387	0.01794617	9.82493
1754268524	ACC	-0.06460621	0.021535404	9.815358
1754268532	ACC	-0.064008005	0.011964113	9.81476
1754268541	ACC	-0.05682954	0.019740786	9.8219385
1754268549	ACC	-0.06460621	0.020937199	9.815358
1754268557	ACC	-0.076570325	0.026919255	9.828519
1754268566	ACC	-0.064008005	0.03708875	9.827323
1754268574	ACC	-0.05922236	0.04007978	9.833304
1754268582	ACC	-0.061016977	0.035294134	9.82493
1754268591	ACC	-0.06999006	0.02632105	9.812367
1754268599	ACC	-0.06699903	0.014955142	9.819546
1754268607	ACC	-0.07178468	0.010169496	9.82493
1754268616	ACC	-0.066400826	0.0077766734	9.818948
1754268624	ACC	-0.066400826	0.0071784677	9.816555
1754268632	ACC	-0.06460621	0.019740786	9.815957
1754268641	ACC	-0.06460621	0.025124637	9.829117
1754268649	ACC	-0.05742774	0.038285162	9.8219385
1754268657	ACC	-0.06520442	0.03888337	9.838689
1754268666	ACC	-0.06520442	0.036490545	9.832706
1754268674	ACC	-0.06759724	0.048454657	9.817153
1754268682	ACC	-0.0526421	0.05682954	9.827323
1754268691	ACC	-0.05922236	0.04426722	9.816555
1754268699	ACC	-0.062213387	0.034097724	9.818948
1754268707	ACC	-0.05802595	-0.0011964113	9.8219385
1754268716	ACC	-0.051445685	0.0029910284	9.808778
1754268724	ACC	-0.043070808	-0.0065802624	9.826724
1754268732	ACC	-0.06520442	0.038285162	9.829716
1754268741	ACC	-0.061615184	0.0424726	9.816555
1754268749	ACC	-0.05383851	0.034097724	9.823135
1754268757	ACC	-0.05922236	0.040677983	9.824331
1754268766	ACC	-0.06281159	0.046061836	9.823733
1754268774	ACC	-0.061615184	0.04546363	9.8219385
1754268782	ACC	-0.05922236	0.036490545	9.816555
1754268791	ACC	-0.064008005	0.04127619	9.827323
1754268799	ACC	-0.059820566	0.028115666	9.819546
1754268807	ACC	-0.0741775	0.009571291	9.813564
1754268816	ACC	-0.058624156	0.014356935	9.819546
1754268824	ACC	-0.062213387	0.0077766734	9.826126
1754268832	ACC	-0.05623133	0.005383851	9.824331
1754268841	ACC	-0.058624156	0.015553347	9.8219385
1754268849	ACC	-0.06759724	0.023928227	9.829117
1754268857	ACC	-0.061016977	0.040677983	9.825528
1754268866	ACC	-0.051445685	0.05682954	9.833304
1754268874	ACC	-0.06759724	0.07238288	9.837492
1754268882	ACC	-0.06460621	0.046061836	9.8219385
1754268891	ACC	-0.069391854	0.050249275	9.814162
1754268899	ACC	-0.071186475	0.033499517	9.813564
1754268907	ACC	-0.18843478	0.019142581	9.690333
1754268916	ACC	-0.019740786	-0.0023928226	9.845269
1754268924	ACC	-0.04965107	0.0023928226	9.821341
1754268932	ACC	-0.054436713	0.020937199	9.818948
1754268941	ACC	-0.062213387	0.040677983	9.822537
1754268949	ACC	-0.044865426	0.049052864	9.817751
1754268957	ACC	-0.055633128	0.04965107	9.823733
1754268966	ACC	-0.053240303	0.053240303	9.825528
1754268974	ACC	-0.050249275	0.052043892	9.817153
1754268982	ACC	-0.052043892	0.037686955	9.805189
1754268991	ACC	-0.0526421	0.020937199	9.817153
1754268999	ACC	-0.06999006	0.018544376	9.802198
1754269007	ACC	-0.06580263	0.017347964	9.824331
1754269016	ACC	-0.05802595	0.016749758	9.79143
1754269024	ACC	-0.061016977	0.026919255	9.829117
1754269032	ACC	-0.055633128	0.04127619	9.8219385
1754269041	ACC	-0.058624156	0.0526421	9.814162
1754269049	ACC	-0.051445685	0.049052864	9.82493
1754269057	ACC	-0.050847482	0.047258247	9.828519
1754269066	ACC	-0.049052864	0.016151553	9.833304
1754269074	ACC	-0.053240303	0.041874398	9.837492
1754269082	ACC	-0.046660043	0.028115666	9.8117695
1754269091	ACC	-0.066400826	0.013160525	9.837492
1754269099	ACC	-0.06580263	0.03589234	9.809377
1754269107	ACC	-0.07058827	0.032303106	9.817153
1754269116	ACC	-0.055633128	0.011365907	9.815358
1754269124	ACC	-0.06580263	0.023330022	9.828519
1754269132	ACC	-0.059820566	0.017347964	9.823135
1754269141	ACC	-0.0634098	0.0071784677	9.826724
1754269149	ACC	-0.058624156	0.035294134	9.825528
1754269157	ACC	-0.06520442	0.023928227	9.81476
1754269166	ACC	-0.061016977	0.024526432	9.82493
1754269174	ACC	-0.06281159	0.032303106	9.802198
1754269182	ACC	-0.05922236	0.025124637	9.820144
1754269191	ACC	-0.05383851	0.013160525	9.80818
1754269199	ACC	-0.066400826	0.017347964	9.823135
1754269207	ACC	-0.059820566	0.011964113	9.817153
1754269216	ACC	-0.060418773	0.01375873	9.821341
1754269224	ACC	-0.05623133	0.019740786	9.820743
1754269232	ACC	-0.055633128	0.02751746	9.8117695
1754269241	ACC	-0.055633128	0.02632105	9.817153
1754269249	ACC	-0.066400826	0.0317049	9.833304
1754269257	ACC	-0.05802595	0.025124637	9.826126
1754269266	ACC	-0.061615184	0.034695927	9.826126
1754269274	ACC	-0.05503492	0.022731815	9.826126
1754269282	ACC	-0.06281159	0.018544376	9.816555
1754269291	ACC	-0.06520442	0.008973085	9.823135
1754269299	ACC	-0.061615184	0.013160525	9.825528
1754269307	ACC	-0.06520442	0.023330022	9.818948
1754269316	ACC	-0.05802595	0.020937199	9.817751
1754269324	ACC	-0.05503492	0.02751746	9.815957
1754269333	ACC	-0.05802595	0.0317049	9.8117695
1754269341	ACC	-0.05802595	0.023330022	9.815957
1754269349	ACC	-0.06281159	0.028115666	9.818948
1754269358	ACC	-0.05503492	0.032303106	9.812367
1754269366	ACC	-0.054436713	0.030508488	9.82493
1754269374	ACC	-0.06520442	0.029910283	9.828519
1754269383	ACC	-0.05802595	0.0317049	9.8219385
1754269391	ACC	-0.059820566	0.02632105	9.830314
1754269399	ACC	-0.0634098	0.02632105	9.820743
1754269408	ACC	-0.060418773	0.029312078	9.826126
1754269416	ACC	-0.059820566	0.024526432	9.8219385
1754269424	ACC	-0.062213387	0.02751746	9.810573
1754269433	ACC	-0.060418773	0.02751746	9.8219385
1754269441	ACC	-0.058624156	0.016749758	9.813564
1754269449	ACC	-0.05623133	0.01375873	9.820743
1754269458	ACC	-0.05503492	0.013160525	9.817751
1754269466	ACC	-0.061016977	0.020338992	9.827921
1754269474	ACC	-0.05802595	0.023928227	9.822537
1754269483	ACC	-0.06460621	0.026919255	9.823733
1754269491	ACC	-0.05922236	0.031106694	9.817153
1754269499	ACC	-0.068793654	0.025124637	9.806385
1754269508	ACC	-0.062213387	0.020937199	9.81835
1754269516	ACC	-0.06281159	0.020338992	9.815358
1754269524	ACC	-0.06460621	0.018544376	9.817153
1754269533	ACC	-0.062213387	0.017347964	9.821341
1754269541	ACC	-0.0634098	0.032303106	9.826724
1754269549	ACC	-0.061016977	0.034695927	9.817153
1754269558	ACC	-0.05802595	0.04127619	9.827921
1754269566	ACC	-0.05922236	0.040677983	9.826126
1754269574	ACC	-0.058624156	0.035294134	9.819546
1754269583	ACC	-0.062213387	0.029312078	9.823733
1754269591	ACC	-0.05742774	0.02751746	9.81835
1754269599	ACC	-0.062213387	0.017347964	9.809975
1754269608	ACC	-0.060418773	0.008973085	9.816555
1754269616	ACC	-0.061615184	0.012562319	9.82493
1754269624	ACC	-0.055633128	0.019740786	9.814162
1754269633	ACC	-0.068793654	0.026919255	9.818948
1754269641	ACC	-0.06999006	0.034695927	9.815957
1754269649	ACC	-0.0634098	0.038285162	9.823733
1754269658	ACC	-0.06520442	0.043070808	9.829716
1754269666	ACC	-0.05802595	0.029910283	9.816555
1754269674	ACC	-0.06460621	0.022731815	9.806984
1754269683	ACC	-0.05383851	0.014955142	9.816555
1754269691	ACC	-0.061016977	0.013160525	9.823733
1754269699	ACC	-0.06460621	0.010169496	9.815957
1754269708	ACC	-0.059820566	0.022731815	9.826126
1754269716	ACC	-0.062213387	0.033499517	9.81835
1754269724	ACC	-0.061016977	0.03708875	9.823135
1754269733	ACC	-0.05922236	0.040677983	9.827323
1754269741	ACC	-0.058624156	0.041874398	9.830314
1754269749	ACC	-0.05503492	0.03589234	9.814162
1754269758	ACC	-0.05742774	0.02213361	9.815358
1754269766	ACC	-0.04965107	0.01794617	9.822537
1754269774	ACC	-0.060418773	0.013160525	9.82493
1754269783	ACC	-0.05383851	0.020338992	9.824331
1754269791	ACC	-0.069391854	0.014955142	9.817153
1754269799	ACC	-0.05682954	0.025722843	9.825528
1754269808	ACC	-0.06580263	0.025722843	9.819546
1754269816	ACC	-0.06580263	0.032901313	9.81835
1754269824	ACC	-0.06520442	0.037686955	9.8219385
1754269833	ACC	-0.05383851	0.038285162	9.814162
1754269841	ACC	-0.06580263	0.030508488	9.827323
1754269849	ACC	-0.060418773	0.024526432	9.818948
1754269858	ACC	-0.053240303	0.024526432	9.829117
1754269866	ACC	-0.05802595	0.020937199	9.815957
1754269874	ACC	-0.06819545	0.021535404	9.817153
1754269883	ACC	-0.068793654	0.025124637	9.819546
1754269891	ACC	-0.05503492	0.021535404	9.825528
1754269899	ACC	-0.06520442	0.029910283	9.827323
1754269908	ACC	-0.061615184	0.035294134	9.810573
1754269916	ACC	-0.05802595	0.025722843	9.829716
1754269924	ACC	-0.05742774	0.032303106	9.817153
1754269933	ACC	-0.05623133	0.035294134	9.823733
1754269941	ACC	-0.051445685	0.02632105	9.826724
1754269949	ACC	-0.064008005	0.033499517	9.828519
1754269958	ACC	-0.053240303	0.0317049	9.820144
1754269966	ACC	-0.05802595	0.021535404	9.816555
1754269974	ACC	-0.06999006	0.02213361	9.8219385
1754269983	ACC	-0.05742774	0.025722843	9.8117695
1754269991	ACC	-0.064008005	0.023928227	9.821341
1754269999	ACC	-0.061016977	0.02751746	9.818948
1754270008	ACC	-0.05503492	0.028115666	9.812965
1754270016	ACC	-0.0526421	0.030508488	9.830314
1754270024	ACC	-0.059820566	0.034097724	9.818948
1754270033	ACC	-0.04965107	0.025722843	9.819546
1754270041	ACC	-0.05682954	0.02871387	9.817751
1754270049	ACC	-0.05383851	0.02632105	9.826126
1754270058	ACC	-0.066400826	0.02751746	9.8117695
1754270066	ACC	-0.05682954	0.034097724	9.816555
1754270074	ACC	-0.07058827	0.028115666	9.815957
1754270083	ACC	-0.050847482	0.026919255	9.820743
1754270091	ACC	-0.059820566	0.020937199	9.819546
1754270099	ACC	-0.052043892	0.025722843	9.823135
1754270108	ACC	-0.059820566	0.026919255	9.824331
1754270116	ACC	-0.06281159	0.024526432	9.827323
1754270124	ACC	-0.06460621	0.034097724	9.820743
1754270133	ACC	-0.06699903	0.02871387	9.826126
1754270141	ACC	-0.061615184	0.028115666	9.814162
1754270149	ACC	-0.05682954	0.025124637	9.823135
1754270158	ACC	-0.061615184	0.029910283	9.822537
1754270166	ACC	-0.05742774	0.026919255	9.816555
1754270174	ACC	-0.05682954	0.018544376	9.81835
1754270183	ACC	-0.062213387	0.018544376	9.820144
1754270191	ACC	-0.064008005	0.02213361	9.822537
1754270200	ACC	-0.060418773	0.018544376	9.821341
1754270208	ACC	-0.060418773	0.028115666	9.813564
1754270216	ACC	-0.05623133	0.021535404	9.822537
1754270225	ACC	-0.052043892	0.026919255	9.812965
1754270233	ACC	-0.061016977	0.033499517	9.808778
1754270241	ACC	-0.052043892	0.034097724	9.825528
1754270250	ACC	-0.061016977	0.03708875	9.816555
1754270258	ACC	-0.06819545	0.026919255	9.827921
1754270266	ACC	-0.05742774	0.02871387	9.820144
1754270275	ACC	-0.060418773	0.025124637	9.819546
1754270283	ACC	-0.05742774	0.026919255	9.824331
1754270291	ACC	-0.054436713	0.025124637	9.815957
1754270300	ACC	-0.05503492	0.017347964	9.809377
1754270308	ACC	-0.059820566	0.029910283	9.820743
1754270316	ACC	-0.058624156	0.0317049	9.81835
1754270325	ACC	-0.05802595	0.032303106	9.820144
1754270333	ACC	-0.05742774	0.034695927	9.817751
1754270341	ACC	-0.06460621	0.025722843	9.812367
1754270350	ACC	-0.059820566	0.023330022	9.827323
1754270358	ACC	-0.06281159	0.023928227	9.815358
1754270366	ACC	-0.05922236	0.029312078	9.829716
1754270375	ACC	-0.05742774	0.021535404	9.803992
1754270383	ACC	-0.060418773	0.023928227	9.814162
1754270391	ACC	-0.054436713	0.023928227	9.826724
1754270400	ACC	-0.059820566	0.02871387	9.820144
1754270408	ACC	-0.05802595	0.019740786	9.820743
1754270416	ACC	-0.060418773	0.019740786	9.826724
1754270425	ACC	-0.0735793	0.030508488	9.8219385
1754270433	ACC	-0.061016977	0.025124637	9.820144
1754270441	ACC	-0.05802595	0.025722843	9.81835
1754270450	ACC	-0.05922236	0.02751746	9.816555
1754270458	ACC	-0.060418773	0.022731815	9.811171
1754270466	ACC	-0.05922236	0.023928227	9.818948
1754270475	ACC	-0.061016977	0.020937199	9.812965
1754270483	ACC	-0.06819545	0.020338992	9.809377
1754270491	ACC	-0.053240303	0.032303106	9.82493
1754270500	ACC	-0.068793654	0.032901313	9.818948
1754270508	ACC	-0.0634098	0.032303106	9.827323
1754270516	ACC	-0.06699903	0.031106694	9.824331
1754270525	ACC	-0.060418773	0.030508488	9.8219385
1754270533	ACC	-0.06281159	0.025124637	9.818948
1754270541	ACC	-0.059820566	0.0071784677	9.806385
1754270550	ACC	-0.05682954	0.019740786	9.834501
1754270558	ACC	-0.05802595	0.016151553	9.836296
1754270566	ACC	-0.06281159	0.016151553	9.817153
1754270575	ACC	-0.058624156	0.028115666	9.821341
1754270583	ACC	-0.06759724	0.02871387	9.822537
1754270591	ACC	-0.06580263	0.028115666	9.8219385
1754270600	ACC	-0.058624156	0.04007978	9.817153
1754270608	ACC	-0.060418773	0.035294134	9.828519
1754270616	ACC	-0.05742774	0.02871387	9.829716
1754270625	ACC	-0.059820566	0.029910283	9.829716
1754270633	ACC	-0.059820566	0.030508488	9.820144
1754270641	ACC	-0.06281159	0.010169496	9.8117695
1754270650	ACC	-0.060418773	0.013160525	9.832706
1754270658	ACC	-0.06281159	0.02871387	9.811171
1754270666	ACC	-0.053240303	0.023928227	9.812965
1754270675	ACC	-0.06699903	0.026919255	9.826724
1754270683	ACC	-0.064008005	0.034695927	9.81835
1754270691	ACC	-0.06580263	0.032303106	9.81835
1754270700	ACC	-0.05503492	0.034695927	9.817751
1754270708	ACC	-0.062213387	0.024526432	9.81835
1754270716	ACC	-0.06281159	0.019142581	9.815358
1754270725	ACC	-0.054436713	0.016151553	9.803992
1754270733	ACC	-0.05383851	0.025722843	9.810573
1754270741	ACC	-0.05742774	0.025124637	9.819546
1754270750	ACC	-0.062213387	0.02632105	9.820743
1754270758	ACC	-0.069391854	0.02213361	9.81835
1754270766	ACC	-0.05802595	0.02632105	9.824331
1754270775	ACC	-0.06520442	0.03589234	9.815358
1754270783	ACC	-0.05503492	0.023928227	9.81835
1754270791	ACC	-0.060418773	0.028115666	9.818948
1754270800	ACC	-0.062213387	0.020937199	9.83151
1754270808	ACC	-0.055633128	0.025124637	9.815957
1754270816	ACC	-0.053240303	0.047856454	9.835697
1754270825	ACC	-0.059820566	0.026919255	9.825528
1754270833	ACC	-0.06580263	0.019142581	9.814162
1754270841	ACC	-0.06520442	0.014356935	9.8219385
1754270850	ACC	-0.05742774	0.005383851	9.810573
1754270858	ACC	-0.060418773	0.030508488	9.812965
1754270866	ACC	-0.053240303	0.047856454	9.827921
1754270875	ACC	-0.0634098	0.044865426	9.816555
1754270883	ACC	-0.05742774	0.041874398	9.819546
1754270891	ACC	-0.07238288	0.026919255	9.820144
1754270900	ACC	-0.059820566	0.029312078	9.832706
1754270908	ACC	-0.06759724	0.029910283	9.816555
1754270916	ACC	-0.0634098	0.01794617	9.823733
1754270925	ACC	-0.05383851	0.008374879	9.810573
1754270933	ACC	-0.07178468	-5.9820566E-4	9.818948
1754270941	ACC	-0.061016977	-0.0071784677	9.799805
1754270950	ACC	-0.06759724	0.0047856453	9.814162
1754270958	ACC	-0.0634098	0.0424726	9.825528
1754270966	ACC	-0.054436713	0.041874398	9.815957
1754270975	ACC	-0.06580263	0.048454657	9.839287
1754270983	ACC	-0.04127619	0.014356935	9.796216
1754270991	ACC	-0.07238288	-0.0077766734	9.83151
1754271000	ACC	-0.06699903	0.0065802624	9.820144
1754271008	ACC	-0.062213387	0.029910283	9.83151
1754271016	ACC	-0.05742774	0.0741775	9.806984
1754271025	ACC	-0.066400826	0.10289137	9.833304
1754271033	ACC	-0.061615184	0.0634098	9.811171
1754271041	ACC	-0.06281159	0.0047856453	9.816555
1754271050	ACC	-0.069391854	-5.9820566E-4	9.820144
1754271058	ACC	-0.064008005	0.02632105	9.826724
1754271067	ACC	-0.05383851	0.0065802624	9.8219385
1754271075	ACC	-0.058624156	0.0029910284	9.812965
1754271083	ACC	-0.058624156	-0.009571291	9.806984
1754271092	ACC	-0.066400826	-0.012562319	9.81835
1754271100	ACC	-0.06460621	0.02751746	9.818948
1754271108	ACC	-0.05742774	0.093918286	9.840483
1754271117	ACC	-0.046660043	0.10049855	9.830912
1754271125	ACC	-0.05623133	0.04546363	9.8321085
1754271133	ACC	-0.064008005	0.019740786	9.815957
1754271142	ACC	-0.071186475	-0.008973085	9.808778
1754271150	ACC	-0.061615184	5.9820566E-4	9.8117695
1754271158	ACC	-0.054436713	0.024526432	9.815957
1754271167	ACC	-0.05503492	0.04007978	9.826126
1754271175	ACC	-0.059820566	0.016749758	9.817153
1754271183	ACC	-0.061016977	0.0065802624	9.81476
1754271192	ACC	-0.061016977	0.019142581	9.821341
1754271200	ACC	-0.05503492	0.038285162	9.819546
1754271208	ACC	-0.05682954	0.05623133	9.8117695
1754271217	ACC	-0.058624156	0.06699903	9.8428755
1754271225	ACC	-0.053240303	0.04127619	9.829117
1754271233	ACC	-0.06819545	0.005383851	9.818948
1754271242	ACC	-0.05802595	-5.9820566E-4	9.815358
1754271250	ACC	-0.06281159	0.008374879	9.81476
1754271258	ACC	-0.06460621	0.018544376	9.81835
1754271267	ACC	-0.062213387	0.032901313	9.81835
1754271275	ACC	-0.068793654	0.04007978	9.819546
1754271283	ACC	-0.060418773	0.026919255	9.826126
1754271292	ACC	-0.050847482	0.031106694	9.81476
1754271300	ACC	-0.066400826	0.02751746	9.8219385
1754271308	ACC	-0.059820566	0.034695927	9.822537
1754271317	ACC	-0.061615184	0.02751746	9.823733
1754271325	ACC	-0.064008005	0.019142581	9.816555
1754271333	ACC	-0.066400826	0.009571291	9.8117695
1754271342	ACC	-0.068793654	-0.0035892338	9.814162
1754271350	ACC	-0.069391854	0.016749758	9.820743
1754271358	ACC	-0.061016977	0.014356935	9.815358
1754271367	ACC	-0.05922236	0.02751746	9.820144
1754271375	ACC	-0.06580263	0.032303106	9.81476
1754271383	ACC	-0.058624156	0.03589234	9.82493
1754271392	ACC	-0.061016977	0.035294134	9.829716
1754271400	ACC	-0.052043892	0.04965107	9.820743
1754271408	ACC	-0.052043892	0.0424726	9.817153
1754271417	ACC	-0.054436713	0.03708875	9.815358
1754271425	ACC	-0.055633128	0.035294134	9.815957
1754271433	ACC	-0.05503492	0.028115666	9.818948
1754271442	ACC	-0.05922236	0.020937199	9.826724
1754271450	ACC	-0.05742774	0.0317049	9.814162
1754271458	ACC	-0.051445685	0.02632105	9.817153
1754271467	ACC	-0.054436713	0.03589234	9.820743
1754271475	ACC	-0.054436713	0.028115666	9.820144
1754271483	ACC	-0.06819545	0.025124637	9.825528
1754271492	ACC	-0.058624156	0.025722843	9.820144
1754271500	ACC	-0.059820566	0.02751746	9.823135
1754271508	ACC	-0.05922236	0.029910283	9.823135
1754271517	ACC	-0.06281159	0.04127619	9.816555
1754271525	ACC	-0.053240303	0.04426722	9.830912
1754271533	ACC	-0.050249275	0.046061836	9.825528
1754271542	ACC	-0.050847482	0.046061836	9.820743
1754271550	ACC	-0.05383851	0.04366901	9.8219385
1754271558	ACC	-0.053240303	0.04127619	9.819546
1754271567	ACC	-0.062213387	0.03888337	9.818948
1754271575	ACC	-0.058624156	0.021535404	9.823135
1754271583	ACC	-0.109471634	-0.014356935	9.878768
1754271592	ACC	-0.12203395	0.07776674	10.024133
1754271600	ACC	0.06759724	0.17168503	9.495318
1754271608	ACC	-0.16450655	0.05802595	10.06481
1754271617	ACC	0.023330022	0.032901313	9.674182
1754271625	ACC	-0.084346995	0.05682954	9.88834
1754271633	ACC	-0.035294134	0.0526421	9.804591
1754271642	ACC	-0.058624156	0.029910283	9.81476
1754271650	ACC	-0.04546363	0.050847482	9.801002
1754271658	ACC	-0.05802595	0.04546363	9.830912
1754271667	ACC	-0.043070808	0.047258247	9.795618
1754271675	ACC	-0.054436713	0.044865426	9.834501
1754271683	ACC	-0.04965107	0.048454657	9.806984
1754271692	ACC	-0.047258247	0.053240303	9.826724
1754271700	ACC	-0.059820566	0.053240303	9.823733
1754271708	ACC	-0.050249275	0.061615184	9.819546
1754271717	ACC	-0.05503492	0.051445685	9.817751
1754271725	ACC	-0.050249275	0.047856454	9.82493
1754271733	ACC	-0.04426722	0.041874398	9.80818
1754271742	ACC	-0.054436713	0.04007978	9.820743
1754271750	ACC	-0.04965107	0.03708875	9.810573
1754271758	ACC	-0.050249275	0.04007978	9.805787
1754271767	ACC	-0.052043892	0.05682954	9.816555
1754271775	ACC	-0.04965107	0.050249275	9.819546
1754271783	ACC	-0.050847482	0.053240303	9.817153
1754271792	ACC	-0.048454657	0.061016977	9.819546
1754271800	ACC	-0.0526421	0.061615184	9.817751
1754271808	ACC	-0.047258247	0.05623133	9.824331
1754271817	ACC	-0.055633128	0.05503492	9.819546
1754271825	ACC	-0.052043892	0.047856454	9.809975
1754271833	ACC	-0.050249275	0.04127619	9.811171
1754271842	ACC	-0.050249275	0.041874398	9.81835
1754271850	ACC	-0.052043892	0.034097724	9.816555
1754271858	ACC	-0.05682954	0.037686955	9.809975
1754271867	ACC	-0.064008005	0.048454657	9.826126
1754271875	ACC	-0.04965107	0.050847482	9.814162
1754271883	ACC	-0.051445685	0.06281159	9.816555
1754271892	ACC	-0.051445685	0.058624156	9.820743
1754271900	ACC	-0.048454657	0.052043892	9.81476
1754271909	ACC	-0.047856454	0.044865426	9.812965
1754271917	ACC	-0.054436713	0.04426722	9.8219385
1754271925	ACC	-0.050847482	0.034097724	9.820743
1754271934	ACC	-0.046061836	0.04127619	9.821341
1754271942	ACC	-0.044865426	0.040677983	9.823733
1754271950	ACC	-0.049052864	0.043070808	9.819546
1754271959	ACC	-0.04965107	0.050249275	9.80818
1754271967	ACC	-0.047856454	0.049052864	9.821341
1754271975	ACC	-0.047258247	0.05503492	9.827921
1754271984	ACC	-0.052043892	0.05802595	9.834501
1754271992	ACC	-0.049052864	0.060418773	9.822537
1754272000	ACC	-0.049052864	0.0424726	9.8219385
1754272009	ACC	-0.055633128	0.037686955	9.820144
1754272017	ACC	-0.05682954	0.0317049	9.801002
1754272025	ACC	-0.058624156	0.032901313	9.819546
1754272034	ACC	-0.041874398	0.044865426	9.8219385
1754272042	ACC	-0.050847482	0.05623133	9.83151
1754272050	ACC	-0.047258247	0.059820566	9.830314
1754272059	ACC	-0.044865426	0.06520442	9.830314
1754272067	ACC	-0.047856454	0.066400826	9.823733
1754272075	ACC	-0.049052864	0.059820566	9.818948
1754272084	ACC	-0.047856454	0.046660043	9.817153
1754272092	ACC	-0.049052864	0.029910283	9.826126
1754272100	ACC	-0.047856454	0.038285162	9.82493
1754272109	ACC	-0.050249275	0.039481573	9.806385
1754272117	ACC	-0.05503492	0.038285162	9.816555
1754272125	ACC	-0.04366901	0.04007978	9.823135
1754272134	ACC	-0.050249275	0.053240303	9.823733
1754272142	ACC	-0.051445685	0.05682954	9.823135
1754272150	ACC	-0.049052864	0.061615184	9.824331
1754272159	ACC	-0.04546363	0.05682954	9.81835
1754272167	ACC	-0.050249275	0.05742774	9.822537
1754272175	ACC	-0.05682954	0.041874398	9.823733
1754272184	ACC	-0.047856454	0.047258247	9.809377
1754272192	ACC	-0.053240303	0.05623133	9.824331
1754272200	ACC	-0.050847482	0.04007978	9.8321085
1754272209	ACC	-0.054436713	0.046061836	9.81835
1754272217	ACC	-0.055633128	0.04546363	9.830314
1754272225	ACC	-0.05682954	0.053240303	9.80818
1754272234	ACC	-0.054436713	0.04965107	9.8321085
1754272242	ACC	-0.050847482	0.060418773	9.830314
1754272250	ACC	-0.048454657	0.058624156	9.814162
1754272259	ACC	-0.044865426	0.061615184	9.833903
1754272267	ACC	-0.05742774	0.05503492	9.812965
1754272275	ACC	-0.04426722	0.04965107	9.805787
1754272284	ACC	-0.052043892	0.03708875	9.820743
1754272292	ACC	-0.049052864	0.047258247	9.820743
1754272300	ACC	-0.05742774	0.046061836	9.811171
1754272309	ACC	-0.051445685	0.03708875	9.818948
1754272317	ACC	-0.062213387	0.049052864	9.827323
1754272325	ACC	-0.053240303	0.046660043	9.818948
1754272334	ACC	-0.053240303	0.05383851	9.81835
1754272342	ACC	-0.047258247	0.05623133	9.818948
1754272350	ACC	-0.04426722	0.048454657	9.823733
1754272359	ACC	-0.04965107	0.048454657	9.826126
1754272367	ACC	-0.051445685	0.04007978	9.81835
1754272375	ACC	-0.046660043	0.031106694	9.792028
