1754197727	ACC	0.02751746	-0.0035892338	9.8321085
1754197735	ACC	0.032901313	-0.01375873	9.792626
1754197744	ACC	0.034097724	-0.0071784677	9.817751
1754197752	ACC	0.039481573	-0.0017946169	9.81835
1754197760	ACC	0.026919255	0.008374879	9.812965
1754197769	ACC	0.043070808	0.0029910284	9.783653
1754197777	ACC	0.02751746	0.011964113	9.832706
1754197785	ACC	0.036490545	0.0065802624	9.832706
1754197794	ACC	0.032901313	0.0071784677	9.802198
1754197802	ACC	0.031106694	0.0029910284	9.807582
1754197810	ACC	0.034097724	-0.010169496	9.817751
1754197819	ACC	0.022731815	-0.010767702	9.839287
1754197827	ACC	0.03708875	-0.010169496	9.815957
1754197835	ACC	0.02632105	-0.0071784677	9.835697
1754197844	ACC	-0.005383851	0.0017946169	9.798011
1754197852	ACC	0.050847482	-0.0	9.814162
1754197860	ACC	0.024526432	-0.0065802624	9.857233
1754197869	ACC	0.03589234	0.0041874396	9.813564
1754197877	ACC	0.032901313	-0.0071784677	9.817153
1754197885	ACC	0.02632105	0.0	9.827921
1754197894	ACC	0.029910283	-0.010169496	9.8117695
1754197902	ACC	0.021535404	-0.0041874396	9.815358
1754197910	ACC	0.014955142	-0.0059820567	9.8321085
1754197919	ACC	0.02751746	-0.0017946169	9.78485
1754197927	ACC	0.0317049	-5.9820566E-4	9.846465
1754197935	ACC	0.034097724	0.0023928226	9.805189
1754197944	ACC	0.034097724	0.008973085	9.826126
1754197952	ACC	0.028115666	0.0065802624	9.809975
1754197960	ACC	0.033499517	0.005383851	9.820743
1754197969	ACC	0.02632105	0.0077766734	9.828519
1754197977	ACC	0.021535404	0.0	9.816555
1754197986	ACC	0.02632105	5.9820566E-4	9.819546
1754197994	ACC	0.029312078	-0.008973085	9.81476
1754198002	ACC	0.031106694	-0.014356935	9.803394
1754198011	ACC	0.030508488	0.0059820567	9.83809
1754198019	ACC	0.02213361	-0.012562319	9.818948
1754198027	ACC	0.034695927	5.9820566E-4	9.824331
1754198036	ACC	0.032303106	-0.0011964113	9.825528
1754198044	ACC	0.031106694	-0.0011964113	9.823733
1754198092	ACC	0.023330022	-0.008374879	9.842278
1754198100	ACC	0.018544376	-0.0041874396	9.823135
1754198108	ACC	0.028115666	0.005383851	9.803992
1754198117	ACC	0.028115666	-0.0035892338	9.847063
1754198125	ACC	0.041874398	-0.008973085	9.813564
1754198133	ACC	0.041874398	-0.008973085	9.813564
1754198142	ACC	0.032901313	0.005383851	9.823135
1754198150	ACC	0.032303106	0.005383851	9.808778
1754198158	ACC	0.028115666	0.005383851	9.823135
1754198167	ACC	0.023330022	5.9820566E-4	9.827921
1754198175	ACC	0.023330022	0.0011964113	9.842278
1754198183	ACC	-0.053240303	-0.013160525	9.846465
1754198192	ACC	-0.4648058	0.016151553	9.857233
1754198200	ACC	-0.9236295	0.2847459	9.827323
1754198209	ACC	-1.7988044	0.7118647	9.841082
1754198217	ACC	-1.3393825	0.35294133	9.93799
1754198225	ACC	-0.8662018	0.2943172	9.827921
1754198234	ACC	-0.6466603	0.005383851	9.626924
1754198242	ACC	1.5583258	-1.9674984	9.784252
1754198259	ACC	0.061615184	-0.061615184	9.804591
1754198267	ACC	0.19501504	-0.029910283	9.823135
1754198275	ACC	0.10767702	0.023928227	9.842278
1754198284	ACC	0.21535404	-0.0023928226	9.766904
1754198292	ACC	0.15134603	0.031106694	9.832706
1754198300	ACC	0.2638087	-0.014955142	9.820743
1754198309	ACC	-0.04546363	0.032303106	9.816555
1754198317	ACC	-0.015553347	-0.017347964	9.850653
1754198325	ACC	0.20219351	0.035294134	9.815358
1754198334	ACC	0.360718	-0.0077766734	9.804591
1754198342	ACC	0.14416756	0.026919255	9.808778
1754198350	ACC	0.038285162	-0.017347964	9.810573
1754198359	ACC	0.069391854	-0.029312078	9.806385
1754198367	ACC	0.054436713	-0.047856454	9.811171
1754198375	ACC	0.014955142	0.0041874396	9.817153
1754198384	ACC	-0.15014961	0.010767702	9.823733
1754198392	ACC	-0.076570325	0.035294134	9.835697
1754198400	ACC	0.046061836	0.0023928226	9.8219385
1754198409	ACC	0.17587246	0.017347964	9.815358
1754198417	ACC	0.33080772	0.010169496	9.822537
1754198425	ACC	0.23629123	0.019740786	9.809975
1754198434	ACC	0.19441684	-0.0077766734	9.82493
1754198442	ACC	0.19082761	-0.016151553	9.83809
1754198450	ACC	0.18664017	0.020937199	9.839885
1754198459	ACC	0.52223355	-0.016151553	9.812367
1754198467	ACC	0.45044887	-0.0029910284	9.826126
1754198475	ACC	0.36729828	-0.01375873	9.824331
1754198484	ACC	0.23928227	0.0029910284	9.822537
1754198492	ACC	0.11545369	-0.0077766734	9.83151
1754198500	ACC	-0.02751746	-0.02213361	9.828519
1754198509	ACC	-0.2105684	0.0071784677	9.799207
1754198517	ACC	-0.14476576	0.091525465	9.797412
1754198525	ACC	0.0065802624	0.05383851	9.820743
1754198534	ACC	0.10767702	-0.096909314	9.833304
1754198542	ACC	0.18245272	-0.13519448	9.839885
1754198550	ACC	0.08255238	0.058624156	9.8117695
1754198559	ACC	0.060418773	0.17407785	9.797412
1754198567	ACC	0.17228323	-0.010169496	9.826724
1754198575	ACC	0.14297116	-0.16510476	9.842278
1754198584	ACC	0.098703936	-0.02632105	9.796216
1754198592	ACC	0.14895321	-0.0041874396	9.826724
1754198600	ACC	0.11844472	-0.0011964113	9.829716
1754198609	ACC	0.116650105	-0.0011964113	9.81476
1754198617	ACC	0.09990034	0.0071784677	9.811171
1754198625	ACC	0.07776674	-5.9820566E-4	9.814162
1754198634	ACC	0.030508488	-0.008374879	9.837492
1754198642	ACC	-0.0023928226	5.9820566E-4	9.811171
1754198650	ACC	-0.043070808	-0.0047856453	9.835697
1754198659	ACC	-0.086141616	0.01794617	9.815358
1754198667	ACC	0.03888337	-0.005383851	9.806385
1754198675	ACC	-0.02213361	0.020338992	9.816555
1754198684	ACC	0.12323037	-0.0047856453	9.820743
1754198692	ACC	0.07597212	-0.0035892338	9.811171
1754198700	ACC	0.066400826	-0.0041874396	9.823135
1754198709	ACC	-0.008973085	0.0023928226	9.810573
1754198717	ACC	0.03708875	-0.011365907	9.80818
1754198725	ACC	0.12622139	-0.0077766734	9.814162
1754198734	ACC	0.096909314	0.0017946169	9.843474
1754198742	ACC	0.02213361	-0.025124637	9.846465
1754198750	ACC	-0.059820566	0.017347964	9.812965
1754198759	ACC	-0.013160525	0.07776674	9.798011
1754198767	ACC	0.11066805	0.017347964	9.810573
1754198775	ACC	0.10229317	-0.08554341	9.833304
1754198784	ACC	-0.04127619	-0.08015956	9.81476
1754198792	ACC	-0.05682954	0.050249275	9.799805
1754198800	ACC	-0.07716853	0.14177474	9.809377
1754198809	ACC	0.08255238	-0.01794617	9.816555
1754198817	ACC	0.11964113	-0.12622139	9.839287
1754198825	ACC	0.008374879	-0.06699903	9.836296
1754198834	ACC	-0.08853444	0.101694964	9.818948
1754198842	ACC	-0.16570297	0.035294134	9.83809
1754198850	ACC	-0.23988047	-0.0041874396	9.826126
1754198859	ACC	-0.28414768	0.02751746	9.8117695
1754198867	ACC	-0.39421752	0.028115666	9.8117695
1754198875	ACC	-0.37088752	0.009571291	9.838689
1754198884	ACC	-0.212363	5.9820566E-4	9.800404
1754198892	ACC	0.18783657	-0.034695927	9.805189
1754198900	ACC	0.36729828	0.02871387	9.819546
1754198909	ACC	0.50009996	-0.014356935	9.862617
1754198917	ACC	0.23748764	-0.0065802624	9.803394
1754198925	ACC	0.05922236	-0.0317049	9.816555
1754198934	ACC	0.037686955	0.011365907	9.843474
1754198942	ACC	-0.13459627	0.015553347	9.823135
1754198950	ACC	-0.16390835	0.0017946169	9.81835
1754198959	ACC	-0.47856453	-0.0029910284	9.793823
1754198967	ACC	-0.35294133	-0.021535404	9.839885
1754198975	ACC	-0.10707881	0.011964113	9.811171
1754198984	ACC	0.09990034	-0.0317049	9.829117
1754198992	ACC	0.081954174	-0.010767702	9.806984
1754199001	ACC	-0.20697916	-0.019142581	9.841082
1754199009	ACC	-0.25663024	-0.014356935	9.803992
1754199017	ACC	-0.44506502	0.023330022	9.79143
1754199026	ACC	-0.4127619	-0.0047856453	9.823733
1754199034	ACC	-0.35533416	0.076570325	9.780663
1754199042	ACC	-0.07298109	-0.033499517	9.84168
1754199051	ACC	-0.11784652	-0.03888337	9.855438
1754199059	ACC	-0.07298109	0.047258247	9.827323
1754199067	ACC	0.0047856453	-0.014955142	9.807582
1754199076	ACC	0.046061836	-0.049052864	9.794421
1754199084	ACC	-0.020338992	-0.021535404	9.841082
1754199092	ACC	0.16390835	-0.08973085	9.853045
1754199101	ACC	0.526421	-0.111864455	9.7812605
1754199109	ACC	0.73579293	-0.0017946169	9.839885
1754199117	ACC	0.75254273	0.07058827	9.788439
1754199126	ACC	0.7088737	0.050249275	9.8219385
1754199134	ACC	0.3379862	0.026919255	9.826126
1754199142	ACC	0.4432704	0.009571291	9.809377
1754199151	ACC	0.30269206	0.020937199	9.821341
1754199159	ACC	0.24107689	5.9820566E-4	9.7704935
1754199167	ACC	0.11545369	-0.024526432	9.839885
1754199176	ACC	0.10229317	0.0011964113	9.845269
1754199184	ACC	0.16510476	0.034097724	9.88475
1754199192	ACC	-0.07716853	0.01375873	9.793823
1754199201	ACC	-0.051445685	-0.0029910284	9.753145
1754199209	ACC	0.28594232	-0.0017946169	9.879367
1754199217	ACC	0.42592242	0.010169496	9.83151
1754199226	ACC	0.32362926	0.019740786	9.771689
1754199234	ACC	0.16450655	0.011964113	9.799207
1754199242	ACC	0.08793623	0.0029910284	9.839287
1754199251	ACC	0.061016977	0.0017946169	9.827323
1754199259	ACC	0.051445685	-0.0011964113	9.837492
1754199267	ACC	0.041874398	0.0035892338	9.7908325
1754199276	ACC	0.03708875	-0.0011964113	9.801002
1754199284	ACC	0.036490545	-0.0047856453	9.876375
1754199292	ACC	0.015553347	0.036490545	9.736395
1754199301	ACC	0.028115666	0.0017946169	9.839885
1754199309	ACC	0.030508488	-0.0047856453	9.912268
1754199317	ACC	0.032303106	0.010169496	9.784252
1754199326	ACC	0.04366901	0.017347964	9.745967
1754199334	ACC	0.019740786	0.029910283	9.853045
1754199342	ACC	0.021535404	-0.008374879	9.807582
1754199351	ACC	0.025722843	5.9820566E-4	9.81476
1754199359	ACC	0.029910283	-0.0029910284	9.840483
1754199367	ACC	0.036490545	-0.0041874396	9.802198
1754199376	ACC	0.038285162	0.0035892338	9.71845
1754199384	ACC	0.032303106	-0.011964113	9.836296
1754199392	ACC	-0.053240303	0.05623133	9.88834
1754199401	ACC	0.066400826	-0.0077766734	9.820144
1754199409	ACC	0.07058827	-0.0059820567	9.83809
1754199417	ACC	0.0424726	0.0023928226	9.856036
1754199426	ACC	0.03708875	-0.0047856453	9.789636
1754199434	ACC	0.034695927	0.0071784677	9.817153
1754199442	ACC	0.04426722	-0.010169496	9.809377
1754199451	ACC	0.17108682	0.02213361	9.74836
1754199459	ACC	0.07178468	-0.019740786	9.827323
1754199467	ACC	0.0424726	-0.0065802624	9.860822
1754199476	ACC	0.043070808	0.008374879	9.833304
1754199484	ACC	0.043070808	-0.0065802624	9.806385
1754199492	ACC	0.026919255	0.009571291	9.792028
1754199501	ACC	0.030508488	0.008973085	9.817751
1754199509	ACC	0.01794617	-0.0029910284	9.8632145
1754199517	ACC	0.03589234	-0.0041874396	9.77468
1754199526	ACC	0.029312078	0.0059820567	9.836894
1754199534	ACC	0.029312078	-0.012562319	9.851849
1754199542	ACC	0.034097724	-0.005383851	9.798011
1754199551	ACC	0.018544376	-0.008973085	9.826126
1754199559	ACC	0.013160525	-0.012562319	9.794421
1754199567	ACC	0.015553347	-0.025722843	9.824331
1754199576	ACC	0.015553347	-0.016749758	9.829117
1754199584	ACC	0.015553347	-0.0023928226	9.833304
1754199592	ACC	-0.05383851	-0.0017946169	9.813564
1754199601	ACC	-0.11066805	-0.058624156	9.840483
1754199609	ACC	-0.13938192	-0.058624156	9.81476
1754199617	ACC	-0.12981063	-0.0634098	9.794421
1754199626	ACC	-0.05503492	-0.022731815	9.845269
1754199634	ACC	-0.032303106	0.0029910284	9.826724
1754199642	ACC	-0.030508488	0.023330022	9.810573
1754199651	ACC	-0.021535404	0.049052864	9.835697
1754199659	ACC	-0.054436713	0.048454657	9.827323
1754199667	ACC	-0.08255238	0.021535404	9.809377
1754199676	ACC	-0.24646074	-0.013160525	9.825528
1754199684	ACC	-0.19322042	-0.005383851	9.812367
1754199692	ACC	0.008973085	0.011365907	9.783653
1754199701	ACC	0.02871387	0.04546363	9.855438
1754199709	ACC	-0.15972091	0.0317049	9.83809
1754199717	ACC	-0.37268212	0.09750752	9.807582
1754199726	ACC	-0.23688944	0.17168503	9.811171
1754199734	ACC	0.066400826	0.13519448	9.849456
1754199742	ACC	0.13220344	0.11964113	9.795019
1754199751	ACC	0.25543383	0.023330022	9.849456
1754199759	ACC	0.008973085	0.024526432	9.794421
1754199767	ACC	-0.055633128	0.024526432	9.797412
1754199776	ACC	-0.1477568	0.029910283	9.859626
1754199784	ACC	-0.029910283	-0.030508488	9.824331
1754199792	ACC	-0.12323037	-0.04127619	9.811171
1754199801	ACC	-0.1477568	0.0041874396	9.8321085
1754199809	ACC	-0.35353956	0.039481573	9.818948
1754199817	ACC	-0.33140594	0.09212367	9.834501
1754199826	ACC	-0.22313072	0.08673982	9.813564
1754199834	ACC	-0.2009971	0.02871387	9.790234
1754199842	ACC	-0.15792629	-0.0077766734	9.826126
1754199851	ACC	-0.04366901	-0.012562319	9.807582
1754199859	ACC	-0.2548356	0.023928227	9.853045
1754199868	ACC	0.5084748	-0.68255264	9.888938
1754199876	ACC	-0.093918286	0.0634098	9.763314
1754199884	ACC	-0.08973085	0.021535404	9.79143
1754199893	ACC	-0.012562319	-0.034097724	9.88176
1754199901	ACC	-0.22372891	0.071186475	9.827323
1754199909	ACC	0.31046873	-0.13160525	9.783653
1754199918	ACC	-0.07298109	0.11006984	9.807582
1754199926	ACC	0.10827523	-0.09750752	9.860224
1754199934	ACC	-0.05503492	0.08315059	9.812367
1754199943	ACC	-0.0317049	-0.0023928226	9.835697
1754199951	ACC	0.12502499	0.05922236	9.785448
1754199959	ACC	0.36729828	-0.069391854	9.823733
1754199968	ACC	0.29072794	0.116650105	9.856036
1754199976	ACC	0.25962126	-0.008374879	9.806984
1754199984	ACC	0.24885355	-0.034695927	9.794421
1754199993	ACC	0.06819545	0.0071784677	9.827921
1754200001	ACC	-0.1477568	-0.010169496	9.830912
1754200009	ACC	-0.16331014	-0.014955142	9.777672
1754200018	ACC	-0.15134603	0.011964113	9.821341
1754200026	ACC	-0.22851457	0.016749758	9.83809
1754200034	ACC	-0.17587246	0.023330022	9.863813
1754200043	ACC	-0.010767702	-0.02751746	9.835099
1754200051	ACC	-0.062213387	0.055633128	9.783055
1754200059	ACC	0.13878371	0.009571291	9.841082
1754200068	ACC	0.12203395	-0.054436713	9.806984
1754200076	ACC	0.1274178	0.005383851	9.827323
1754200084	ACC	0.23988047	5.9820566E-4	9.804591
1754200093	ACC	0.035294134	0.031106694	9.847662
1754200101	ACC	0.13519448	-0.13280165	9.837492
1754200109	ACC	0.36011982	-0.0951147	9.825528
1754200118	ACC	0.36550367	-0.11844472	9.820743
1754200126	ACC	0.16570297	0.048454657	9.798609
1754200134	ACC	0.20997019	0.05383851	9.828519
1754200143	ACC	0.1369891	0.0041874396	9.820743
1754200151	ACC	0.2620141	-0.13160525	9.787243
1754200159	ACC	0.2632105	0.039481573	9.806385
1754200168	ACC	0.15014961	0.1369891	9.84168
1754200176	ACC	0.16450655	0.09032906	9.827323
1754200184	ACC	0.26739794	-0.009571291	9.7908325
1754200193	ACC	0.20279172	-0.049052864	9.849456
1754200201	ACC	0.18723837	0.05682954	9.83151
1754200209	ACC	0.029312078	0.064008005	9.808778
1754200218	ACC	-0.054436713	-0.013160525	9.839287
1754200226	ACC	-0.08554341	-0.014955142	9.833304
1754200234	ACC	-0.020338992	-0.032901313	9.805787
1754200243	ACC	-0.07836494	0.012562319	9.825528
1754200251	ACC	-5.9820566E-4	0.037686955	9.780065
1754200259	ACC	0.09750752	-0.06819545	9.812965
1754200268	ACC	0.091525465	0.029910283	9.840483
1754200276	ACC	0.09332009	0.04546363	9.829716
1754200284	ACC	0.01794617	0.064008005	9.832706
1754200293	ACC	-0.051445685	0.04426722	9.820743
1754200301	ACC	-0.10289137	0.008973085	9.823733
1754200309	ACC	-0.12143575	-0.050847482	9.849456
1754200318	ACC	-0.3894319	0.04426722	9.789636
1754200326	ACC	-0.31345975	-0.055633128	9.835697
1754200334	ACC	-0.010169496	-0.2213361	9.802198
1754200343	ACC	0.09451649	-0.1788635	9.798011
1754200351	ACC	0.13938192	0.106480606	9.802796
1754200359	ACC	0.15254244	0.09810573	9.833304
1754200368	ACC	-0.020338992	0.07836494	9.819546
1754200376	ACC	-0.051445685	0.06520442	9.797412
1754200384	ACC	-0.15134603	0.08853444	9.827921
1754200393	ACC	-0.39960137	0.010169496	9.812965
1754200401	ACC	-0.5282156	-0.0424726	9.798609
1754200409	ACC	-0.46839502	-0.101694964	9.8524475
1754200418	ACC	-0.715454	0.08973085	9.81835
1754200426	ACC	-0.5599205	0.123828575	9.822537
1754200434	ACC	-0.11425728	0.06520442	9.835099
1754200443	ACC	-0.28295127	0.19621146	9.76152
1754200451	ACC	0.22971097	-0.046061836	9.87159
1754200459	ACC	0.25663024	-0.13220344	9.817153
1754200468	ACC	0.051445685	-0.050847482	9.795019
1754200476	ACC	0.11724831	0.036490545	9.868599
1754200484	ACC	-0.14356937	0.104087785	9.826126
1754200493	ACC	-0.17587246	0.07716853	9.787243
1754200501	ACC	-0.27218357	0.11784652	9.803394
1754200509	ACC	-0.109471634	-0.058624156	9.886545
1754200518	ACC	0.8757731	-0.66400826	9.777672
1754200526	ACC	0.45164528	-0.08135597	9.787243
1754200534	ACC	0.4235296	0.009571291	9.873384
1754200543	ACC	0.253041	0.07776674	9.805787
1754200551	ACC	0.29312077	-0.0634098	9.799207
1754200559	ACC	0.22971097	0.015553347	9.847662
1754200568	ACC	0.2009971	-0.011964113	9.827323
1754200576	ACC	0.20697916	-0.111864455	9.80818
1754200584	ACC	-0.011365907	0.0065802624	9.785448
1754200593	ACC	-0.019740786	0.033499517	9.817153
1754200601	ACC	0.023928227	-0.02871387	9.826724
1754200609	ACC	-0.017347964	0.055633128	9.7812605
1754200618	ACC	0.18245272	0.066400826	9.839287
1754200626	ACC	0.15194423	-0.068793654	9.819546
1754200634	ACC	0.18903299	0.023330022	9.821341
1754200643	ACC	-0.15792629	0.30867413	9.827921
1754200651	ACC	0.32123643	-0.37746778	9.843474
1754200660	ACC	0.22612174	-0.111266255	9.789636
1754200668	ACC	0.010767702	0.07836494	9.824331
1754200676	ACC	0.016151553	0.106480606	9.882358
1754200685	ACC	0.17168503	0.11066805	9.849456
1754200693	ACC	0.5347959	-0.16390835	9.798011
1754200701	ACC	0.11964113	0.020937199	9.81835
1754200710	ACC	0.18843478	0.041874398	9.823135
1754200718	ACC	0.23868406	-0.03888337	9.796814
1754200726	ACC	0.2219343	0.026919255	9.800404
1754200735	ACC	0.093918286	0.0017946169	9.827921
1754200743	ACC	0.046660043	0.0011964113	9.810573
1754200751	ACC	0.06520442	-0.010767702	9.813564
1754200760	ACC	-0.26679972	-0.008374879	9.8321085
1754200768	ACC	-0.18484555	-0.04127619	9.806385
1754200776	ACC	-0.16689938	0.04426722	9.795618
1754200785	ACC	-0.111864455	0.08853444	9.824331
1754200793	ACC	0.12023934	-0.0849452	9.856036
1754200801	ACC	0.25842485	-0.0023928226	9.786046
1754200810	ACC	0.20279172	0.014356935	9.865009
1754200818	ACC	0.008973085	0.021535404	9.8321085
1754200826	ACC	-0.2847459	-0.0023928226	9.7812605
1754200835	ACC	-0.19322042	-0.050847482	9.815358
1754200843	ACC	-0.16869399	-0.11784652	9.862617
1754200851	ACC	-0.08135597	0.053240303	9.811171
1754200860	ACC	0.0029910284	0.011365907	9.816555
1754200868	ACC	0.20578274	-0.09930214	9.8219385
1754200876	ACC	0.19920248	0.07956135	9.819546
1754200885	ACC	0.1680958	-0.0071784677	9.823733
1754200893	ACC	-0.03589234	-0.053240303	9.842278
1754200901	ACC	-0.078963146	0.014955142	9.803394
1754200910	ACC	-5.9820566E-4	-0.0526421	9.846465
1754200918	ACC	0.028115666	-0.09212367	9.810573
1754200926	ACC	0.08075777	0.008374879	9.7908325
1754200935	ACC	0.11246266	0.035294134	9.838689
1754200943	ACC	0.08315059	-0.046660043	9.81835
1754200951	ACC	0.12023934	-0.015553347	9.820144
1754200960	ACC	-0.11964113	0.20757736	9.863813
1754200968	ACC	-0.029312078	0.09810573	9.815358
1754200976	ACC	0.047258247	0.050847482	9.809975
1754200985	ACC	-0.03888337	0.086141616	9.822537
1754200993	ACC	-0.023330022	0.05503492	9.837492
1754201001	ACC	0.21774685	0.0	9.792028
1754201010	ACC	0.20817557	-0.01375873	9.839885
1754201018	ACC	0.34277186	-0.023928227	9.818948
1754201026	ACC	0.18005991	0.010169496	9.792626
1754201035	ACC	-0.04426722	-0.0017946169	9.832706
1754201043	ACC	0.032901313	-0.01375873	9.836894
1754201051	ACC	-0.17647067	0.07298109	9.814162
1754201060	ACC	-0.15014961	-0.0317049	9.835697
1754201068	ACC	-0.06281159	-0.044865426	9.827323
1754201076	ACC	-0.17168503	0.07597212	9.822537
1754201085	ACC	-5.9820566E-4	0.023330022	9.819546
1754201093	ACC	0.10049855	-0.03708875	9.816555
1754201101	ACC	-0.055633128	0.09990034	9.806984
1754201110	ACC	0.06281159	0.083748795	9.796814
1754201118	ACC	0.19621146	-0.025722843	9.829117
1754201126	ACC	0.119042926	-0.081954174	9.825528
1754201135	ACC	-0.12502499	-0.020338992	9.825528
1754201143	ACC	-0.2416751	-0.02213361	9.8428755
1754201151	ACC	-0.16031912	-0.08554341	9.83151
1754201160	ACC	-0.22013968	0.034695927	9.793823
1754201168	ACC	-0.2638087	0.0029910284	9.841082
1754201176	ACC	0.025124637	-0.049052864	9.795019
1754201185	ACC	-0.032901313	-0.012562319	9.793823
1754201193	ACC	0.19860429	-0.10887343	9.815358
1754201201	ACC	0.23150559	-0.03888337	9.8219385
1754201210	ACC	0.052043892	0.10767702	9.862617
1754201218	ACC	-0.066400826	0.22372891	9.812367
1754201226	ACC	-0.16869399	0.09451649	9.812965
1754201235	ACC	0.016749758	-0.12323037	9.8524475
1754201243	ACC	0.06580263	-0.17826529	9.817153
1754201251	ACC	-0.15314065	-0.01375873	9.817153
1754201260	ACC	0.040677983	-0.046061836	9.795618
1754201268	ACC	-0.21655045	0.17587246	9.812367
1754201276	ACC	0.104087785	0.04007978	9.84467
1754201285	ACC	0.17766708	0.026919255	9.839287
1754201293	ACC	-0.059820566	0.0071784677	9.817751
1754201301	ACC	0.011365907	-0.07058827	9.806385
1754201310	ACC	0.03589234	-0.0849452	9.809975
1754201318	ACC	-0.23569304	-0.020937199	9.778868
1754201326	ACC	-0.15672988	-0.022731815	9.845269
1754201335	ACC	-0.3272185	-0.0	9.818948
1754201343	ACC	-0.26979074	-0.064008005	9.828519
1754201351	ACC	-0.25184458	0.015553347	9.859028
1754201360	ACC	-0.18544376	0.109471634	9.790234
1754201368	ACC	-0.086141616	0.18843478	9.839885
1754201376	ACC	0.07238288	0.03888337	9.79143
1754201385	ACC	0.212363	-0.11425728	9.765707
1754201393	ACC	0.18245272	0.05742774	9.793823
1754201401	ACC	0.3930211	-0.046660043	9.819546
1754201410	ACC	0.24227329	0.050249275	9.820743
1754201418	ACC	0.47916272	-0.23988047	9.844072
1754201426	ACC	0.36610186	-0.028115666	9.811171
1754201435	ACC	0.26919255	-0.044865426	9.817751
1754201443	ACC	-0.08673982	0.10229317	9.836894
1754201451	ACC	-0.29850462	0.17168503	9.827921
1754201460	ACC	-0.13160525	-0.13459627	9.826724
1754201468	ACC	-0.31226337	-0.025124637	9.819546
1754201477	ACC	-0.060418773	0.01375873	9.80818
1754201485	ACC	0.018544376	-0.052043892	9.820743
1754201493	ACC	-0.02632105	0.08015956	9.785448
1754201502	ACC	0.46241298	-0.111266255	9.786046
1754201510	ACC	0.3696911	-0.0029910284	9.836296
1754201518	ACC	0.29671	-0.05682954	9.82493
1754201527	ACC	0.018544376	0.1788635	9.815358
1754201535	ACC	0.19262223	-0.1698904	9.848858
1754201543	ACC	-0.061016977	-0.07776674	9.82493
1754201552	ACC	-0.3792624	0.15493527	9.816555
1754201560	ACC	-0.14476576	-0.032901313	9.826126
1754201568	ACC	-0.1477568	0.1052842	9.837492
1754201577	ACC	0.19621146	-0.19322042	9.794421
1754201585	ACC	0.14117654	0.02871387	9.8117695
1754201593	ACC	0.20877378	-0.008973085	9.802796
1754201602	ACC	0.37986058	-0.01375873	9.862617
1754201610	ACC	0.08315059	-0.02213361	9.84467
1754201618	ACC	-0.06699903	0.037686955	9.835099
1754201627	ACC	0.030508488	0.07836494	9.84467
1754201635	ACC	-0.25663024	-0.01794617	9.817751
1754201643	ACC	-0.17108682	0.0	9.83151
1754201652	ACC	-0.033499517	-0.04366901	9.795019
1754201660	ACC	-0.104087785	0.046061836	9.816555
1754201668	ACC	0.0071784677	0.04965107	9.812367
1754201677	ACC	0.17407785	0.051445685	9.797412
1754201685	ACC	0.19441684	-0.059820566	9.816555
1754201693	ACC	0.2213361	-0.041874398	9.840483
1754201702	ACC	-0.021535404	0.09810573	9.801002
1754201710	ACC	0.032303106	-0.023928227	9.837492
1754201718	ACC	0.16390835	-0.086141616	9.813564
1754201727	ACC	-0.19441684	-0.009571291	9.825528
1754201735	ACC	-0.39361933	0.0065802624	9.806385
1754201743	ACC	-0.4851448	0.17706887	9.821341
1754201752	ACC	-0.06520442	-0.04965107	9.829716
1754201760	ACC	0.05802595	-0.071186475	9.818948
1754201768	ACC	0.03888337	0.07477571	9.829716
1754201777	ACC	-0.032303106	0.013160525	9.849456
1754201785	ACC	0.09212367	-0.046660043	9.823733
1754201793	ACC	-0.06699903	0.0	9.8015995
1754201802	ACC	-0.025722843	-0.036490545	9.8015995
1754201810	ACC	0.031106694	0.040677983	9.832706
1754201818	ACC	0.13399807	-0.13040884	9.771091
1754201827	ACC	-0.1680958	0.047258247	9.865009
1754201835	ACC	0.07058827	0.0029910284	9.788439
1754201843	ACC	0.08733802	0.01375873	9.810573
1754201852	ACC	0.31226337	-0.148355	9.813564
1754201860	ACC	0.059820566	0.0634098	9.811171
1754201868	ACC	0.10348958	-0.043070808	9.847063
1754201877	ACC	0.07058827	-0.012562319	9.845269
1754201885	ACC	0.12203395	-0.15732808	9.808778
1754201893	ACC	-0.049052864	0.13100705	9.795019
1754201902	ACC	0.14117654	-0.0634098	9.823135
1754201910	ACC	0.12323037	0.05623133	9.787841
1754201918	ACC	-0.096311115	0.1052842	9.836296
1754201927	ACC	0.17587246	-0.104087785	9.815358
1754201935	ACC	0.024526432	-0.050847482	9.826724
1754201943	ACC	-0.18723837	-0.018544376	9.833304
1754201952	ACC	-0.0047856453	0.0041874396	9.839287
1754201960	ACC	-0.36490545	0.17647067	9.82493
1754201968	ACC	0.09990034	-0.011365907	9.8321085
1754201977	ACC	0.2650051	0.017347964	9.81835
1754201985	ACC	0.14895321	-0.07178468	9.812367
1754201993	ACC	0.071186475	0.059820566	9.8428755
1754202002	ACC	0.17527425	-5.9820566E-4	9.792028
1754202010	ACC	0.13040884	-0.066400826	9.842278
1754202018	ACC	-0.034097724	0.06520442	9.8117695
1754202027	ACC	0.089132644	-0.059820566	9.822537
1754202035	ACC	0.07298109	0.09032906	9.8015995
1754202043	ACC	-0.040677983	-0.0047856453	9.812367
1754202052	ACC	0.124426775	-0.0741775	9.816555
1754202060	ACC	-0.013160525	0.04127619	9.837492
1754202068	ACC	-0.19202402	-0.021535404	9.817153
1754202077	ACC	-0.03708875	-0.046660043	9.815358
1754202085	ACC	-0.10827523	-0.011365907	9.807582
1754202093	ACC	-0.12861422	0.12562318	9.8219385
1754202102	ACC	0.32362926	-0.07298109	9.855438
1754202110	ACC	-0.08793623	0.029312078	9.782457
1754202118	ACC	-0.01375873	0.06460621	9.830912
1754202127	ACC	-0.049052864	-0.019740786	9.801002
1754202135	ACC	-0.20757736	-0.030508488	9.817153
1754202143	ACC	-0.22253251	0.0047856453	9.856036
1754202152	ACC	-0.30388847	-0.02751746	9.785448
1754202160	ACC	0.0071784677	-0.13519448	9.787243
1754202168	ACC	-0.071186475	0.1381855	9.817751
1754202177	ACC	0.4648058	-0.0634098	9.798011
1754202185	ACC	0.40259242	-0.07597212	9.839885
1754202193	ACC	0.24526432	-0.026919255	9.807582
1754202202	ACC	0.15373886	-0.04426722	9.79143
1754202210	ACC	-0.23808585	0.11784652	9.843474
1754202218	ACC	-0.12622139	-0.026919255	9.809975
1754202227	ACC	-0.3487539	0.09990034	9.84168
1754202235	ACC	0.023330022	-0.11425728	9.789038
1754202243	ACC	-0.24825534	0.08315059	9.783055
1754202252	ACC	-0.05802595	-0.024526432	9.824331
1754202260	ACC	0.13100705	0.0317049	9.819546
1754202268	ACC	0.27816564	0.0071784677	9.834501
1754202277	ACC	0.28594232	0.09930214	9.794421
1754202285	ACC	0.3481557	-0.0023928226	9.80818
1754202293	ACC	0.10707881	-0.03708875	9.83151
1754202302	ACC	-0.12921242	-0.050847482	9.837492
1754202310	ACC	-0.010767702	0.051445685	9.786046
1754202319	ACC	-0.13040884	0.071186475	9.812367
1754202327	ACC	0.008973085	-0.09571291	9.836894
1754202335	ACC	0.0035892338	-0.0011964113	9.809377
1754202344	ACC	0.08015956	-0.008374879	9.809975
1754202352	ACC	0.08135597	0.04366901	9.84168
1754202360	ACC	0.24466611	0.07537391	9.768699
1754202369	ACC	0.32841492	-0.044865426	9.839885
1754202377	ACC	0.17168503	0.0029910284	9.798609
1754202385	ACC	0.12921242	-0.014356935	9.77827
1754202394	ACC	-0.03888337	0.096909314	9.8524475
1754202402	ACC	-0.012562319	-0.0023928226	9.836296
1754202410	ACC	-0.11365908	-0.010767702	9.805787
1754202419	ACC	-0.1058824	-0.034695927	9.835697
1754202427	ACC	0.017347964	0.011365907	9.810573
1754202435	ACC	-0.08015956	0.019740786	9.789038
1754202444	ACC	-0.05742774	0.044865426	9.8428755
1754202452	ACC	0.02871387	-0.06281159	9.793823
1754202460	ACC	-0.1363909	0.11246266	9.838689
1754202469	ACC	0.13878371	0.03888337	9.804591
1754202477	ACC	0.05623133	-0.04965107	9.82493
1754202485	ACC	-0.13459627	-0.022731815	9.823733
1754202494	ACC	-0.22073789	0.053240303	9.799207
1754202502	ACC	-0.09332009	0.0735793	9.812367
1754202510	ACC	0.12023934	-0.06520442	9.818948
1754202519	ACC	-0.0634098	0.024526432	9.823135
1754202527	ACC	0.1363909	-0.047856454	9.803992
1754202535	ACC	0.037686955	0.01375873	9.833304
1754202577	ACC	-0.1058824	0.015553347	9.8219385
1754202585	ACC	-0.23509483	0.04426722	9.811171
1754202594	ACC	0.17168503	-0.052043892	9.81476
1754202602	ACC	0.14297116	-0.09032906	9.801002
1754202610	ACC	0.032901313	0.19680966	9.845269
1754202619	ACC	0.2428715	-0.066400826	9.825528
1754202627	ACC	0.24765715	0.014356935	9.805787
1754202635	ACC	0.39601216	0.0	9.816555
1754202644	ACC	0.42951167	-0.043070808	9.836296
1754202652	ACC	0.27158538	0.023928227	9.801002
1754202660	ACC	0.2428715	0.005383851	9.810573
1754202669	ACC	0.12801601	0.034097724	9.804591
1754202677	ACC	0.15194423	-0.032901313	9.824331
1754202685	ACC	-0.034097724	-0.0041874396	9.817751
1754202694	ACC	-0.06281159	0.020338992	9.826724
1754202702	ACC	0.046660043	0.014955142	9.808778
1754202710	ACC	0.22851457	-0.018544376	9.810573
1754202719	ACC	-0.024526432	-0.008973085	9.817751
1754202727	ACC	-0.13459627	0.010767702	9.83151
1754202735	ACC	-0.13938192	0.024526432	9.792626
1754202744	ACC	0.023330022	-0.008973085	9.823135
1754202752	ACC	-0.04366901	0.0011964113	9.822537
1754202760	ACC	-0.034097724	-0.032901313	9.817751
1754202769	ACC	0.047258247	0.0011964113	9.842278
1754202777	ACC	-0.014955142	0.015553347	9.8321085
1754202785	ACC	-0.18723837	-0.01794617	9.826126
1754202794	ACC	-0.36909288	-0.02751746	9.820144
1754202802	ACC	-0.24466611	0.025124637	9.811171
1754202810	ACC	-0.14416756	0.039481573	9.835697
1754202819	ACC	0.17108682	-0.047258247	9.796216
1754202827	ACC	0.07597212	5.9820566E-4	9.804591
1754202835	ACC	0.05682954	-0.032901313	9.828519
1754202844	ACC	-5.9820566E-4	-0.008973085	9.799207
1754202852	ACC	0.018544376	0.101694964	9.855438
1754202860	ACC	0.08973085	0.024526432	9.803992
1754202869	ACC	0.052043892	-0.061615184	9.814162
1754202877	ACC	-0.04366901	-0.01794617	9.822537
1754202885	ACC	-0.24466611	0.025124637	9.796814
1754202894	ACC	-0.1058824	-0.03708875	9.841082
1754202902	ACC	-0.26859435	-0.01794617	9.787243
1754202910	ACC	-0.3930211	0.054436713	9.847662
1754202919	ACC	-0.25902304	0.015553347	9.820743
1754202927	ACC	-0.16331014	-0.008374879	9.816555
1754202935	ACC	-0.091525465	0.0011964113	9.836296
1754202944	ACC	-0.07716853	-0.0041874396	9.80818
1754202952	ACC	-0.25902304	0.015553347	9.825528
1754202960	ACC	0.008973085	-0.032303106	9.842278
1754202969	ACC	-0.1058824	0.03888337	9.788439
1754202977	ACC	0.19501504	-0.052043892	9.820144
1754202985	ACC	0.16630118	-0.05682954	9.810573
1754202994	ACC	-0.07716853	0.17288144	9.825528
1754203002	ACC	0.15672988	0.04366901	9.828519
1754203010	ACC	0.46779683	-0.18185452	9.808778
1754203019	ACC	-0.014955142	0.101694964	9.836296
1754203027	ACC	0.16151553	0.024526432	9.804591
1754203035	ACC	0.10887343	-0.028115666	9.8428755
1754203044	ACC	0.12323037	-0.071186475	9.819546
1754203052	ACC	-0.28773692	0.049052864	9.796216
1754203061	ACC	0.104087785	-0.18604197	9.82493
1754203069	ACC	-0.029312078	0.22073789	9.820743
1754203077	ACC	0.12323037	0.04366901	9.809377
1754203086	ACC	0.2955136	-0.047258247	9.820743
1754203094	ACC	0.2955136	-0.023330022	9.830314
1754203102	ACC	0.15672988	0.1058824	9.81835
1754203111	ACC	0.13280165	-0.07597212	9.824331
1754203119	ACC	0.21894327	0.005383851	9.819546
1754203127	ACC	-0.03888337	0.019740786	9.80818
1754203136	ACC	-0.14895321	0.07776674	9.839885
1754203144	ACC	-0.019740786	-0.11425728	9.799805
1754203152	ACC	-0.23030917	-0.0849452	9.807582
1754203161	ACC	-0.23030917	-0.01794617	9.850055
1754203169	ACC	-0.019740786	0.10109676	9.817153
1754203177	ACC	-0.024526432	0.03888337	9.80818
1754203186	ACC	-0.048454657	0.07298109	9.841082
1754203194	ACC	-0.034097724	0.034097724	9.817751
1754203202	ACC	0.16211374	-0.047258247	9.829117
1754203211	ACC	0.18065812	0.091525465	9.809377
1754203219	ACC	0.15732808	-0.09990034	9.839287
1754203227	ACC	0.05682954	-0.037686955	9.818948
1754203236	ACC	0.05682954	0.04366901	9.808778
1754203244	ACC	0.12861422	5.9820566E-4	9.847662
1754203252	ACC	0.07537391	-0.023330022	9.809377
1754203261	ACC	0.028115666	-0.07597212	9.809377
1754203269	ACC	-0.17766708	-0.02751746	9.821341
1754203277	ACC	-0.2111666	0.17347965	9.819546
1754203286	ACC	0.023330022	-0.018544376	9.823135
1754203294	ACC	0.20458634	-0.052043892	9.805787
1754203302	ACC	0.17108682	0.13459627	9.813564
1754203311	ACC	0.29072794	-0.008973085	9.839287
1754203319	ACC	0.17108682	-0.07597212	9.820144
1754203327	ACC	0.046660043	-0.032901313	9.818948
1754203336	ACC	-0.04366901	-0.0041874396	9.812965
1754203344	ACC	-0.12981063	0.039481573	9.8117695
1754203352	ACC	0.032303106	0.034097724	9.827323
1754203361	ACC	-0.014955142	-0.05623133	9.837492
1754203369	ACC	-0.08673982	0.07776674	9.816555
1754203377	ACC	0.09451649	-0.05682954	9.81476
1754203386	ACC	0.008973085	-0.018544376	9.803992
1754203394	ACC	0.018544376	0.05802595	9.827323
1754203402	ACC	0.16630118	0.024526432	9.814162
1754203411	ACC	-0.005383851	0.12502499	9.841082
1754203419	ACC	0.22851457	-0.071186475	9.796814
1754203427	ACC	0.20458634	-0.028115666	9.815358
1754203436	ACC	0.066400826	-0.022731815	9.8428755
1754203444	ACC	-0.11066805	-0.08015956	9.812965
1754203452	ACC	-0.11545369	0.13040884	9.815957
1754203461	ACC	0.10887343	0.014955142	9.8428755
1754203469	ACC	0.07058827	0.005383851	9.813564
1754203477	ACC	0.041874398	-0.047258247	9.809377
1754203486	ACC	-0.03888337	-0.061016977	9.827921
1754203494	ACC	-0.19680966	0.034695927	9.825528
1754203502	ACC	-0.091525465	0.029910283	9.826724
1754203511	ACC	-0.11066805	0.053240303	9.806984
1754203519	ACC	0.11425728	-0.0041874396	9.83809
1754203527	ACC	0.17587246	-0.061615184	9.79143
1754203536	ACC	0.13758731	5.9820566E-4	9.823733
1754203544	ACC	0.09451649	0.04366901	9.813564
1754203552	ACC	0.032901313	-0.018544376	9.813564
1754203561	ACC	-0.019740786	0.049052864	9.8321085
1754203569	ACC	-0.019740786	-0.03708875	9.837492
1754203577	ACC	-0.27816564	-0.032303106	9.835099
1754203586	ACC	-0.57487565	-0.050847482	9.814162
1754203594	ACC	-0.5270192	-0.026919255	9.8428755
1754203602	ACC	-0.60358953	-0.0077766734	9.78485
1754203611	ACC	-0.45044887	0.04007978	9.818948
1754203619	ACC	-0.3930211	0.15433706	9.808778
1754203627	ACC	-0.15373886	-0.09930214	9.860822
1754203636	ACC	-0.34516466	0.015553347	9.815358
1754203644	ACC	-0.6658029	0.12622139	9.821341
1754203652	ACC	-0.8566305	0.2943172	9.880563
1754203661	ACC	-0.35473597	-0.16091733	9.8117695
1754203669	ACC	0.23808585	-0.401396	9.780065
1754203677	ACC	0.032303106	-0.119042926	9.776475
1754203686	ACC	-0.1585245	0.14955142	9.829716
1754203694	ACC	0.37686956	-0.05742774	9.797412
1754203702	ACC	0.6257231	-0.22073789	9.772287
1754203711	ACC	0.37208393	0.06281159	9.868001
1754203719	ACC	0.33379877	0.17288144	9.8428755
1754203727	ACC	0.37208393	0.17647067	9.766904
1754203736	ACC	0.51086766	-0.043070808	9.836894
1754203744	ACC	-0.36430725	0.62811595	9.872188
1754203752	ACC	-0.51266223	0.43669012	9.834501
1754203761	ACC	-0.6945168	0.21714866	9.796814
1754203769	ACC	0.33379877	-0.7363912	9.807582
1754203777	ACC	0.8452646	-0.27337998	9.793225
1754203786	ACC	0.47736812	-0.076570325	9.817751
1754203794	ACC	0.46301118	-0.028115666	9.855438
1754203802	ACC	0.6017949	0.009571291	9.817751
1754203811	ACC	0.5778667	0.019142581	9.84168
1754203819	ACC	0.38165522	-0.0047856453	9.816555
1754203828	ACC	0.27158538	0.014955142	9.82493
1754203836	ACC	0.20937198	0.034097724	9.833903
1754203844	ACC	0.16630118	0.014955142	9.819546
1754203852	ACC	0.12323037	-0.01375873	9.809377
1754203861	ACC	0.071186475	-0.037686955	9.823733
1754203869	ACC	0.12801601	0.034097724	9.823733
1754203878	ACC	0.17587246	0.034097724	9.809377
1754203886	ACC	0.23330021	0.019740786	9.829117
1754203894	ACC	0.2620141	-0.01375873	9.810573
1754203903	ACC	0.21415763	0.010169496	9.819546
1754203911	ACC	0.17587246	0.010169496	9.833903
1754203919	ACC	0.008973085	0.019740786	9.812965
1754203928	ACC	-0.07716853	0.0011964113	9.8219385
1754203936	ACC	-0.14416756	-0.051445685	9.812367
1754203944	ACC	-0.27337998	0.049052864	9.82493
1754203953	ACC	-0.053240303	0.05802595	9.812367
1754203961	ACC	-0.005383851	-0.023330022	9.823135
1754203969	ACC	0.0041874396	-0.018544376	9.81835
1754203978	ACC	0.047258247	0.010169496	9.832706
1754203986	ACC	0.032303106	0.029312078	9.799207
1754203994	ACC	0.061016977	0.005383851	9.81835
1754204003	ACC	0.061016977	5.9820566E-4	9.823135
1754204011	ACC	0.07537391	-0.008973085	9.828519
1754204019	ACC	-0.053240303	0.015553347	9.822537
1754204028	ACC	-0.014955142	0.010169496	9.822537
1754204036	ACC	0.0849452	0.014955142	9.81835
1754204044	ACC	0.13758731	-0.028115666	9.829117
1754204053	ACC	-0.053240303	0.024526432	9.812367
1754204061	ACC	-0.12023934	0.015553347	9.826724
1754204069	ACC	-0.024526432	0.010169496	9.817751
1754204078	ACC	0.061016977	0.03888337	9.799207
1754204086	ACC	0.13758731	-0.023330022	9.809975
1754204094	ACC	0.104087785	-0.023330022	9.828519
1754204103	ACC	0.061615184	-0.023330022	9.828519
1754204111	ACC	0.041874398	0.04366901	9.808778
1754204119	ACC	0.01375873	0.014955142	9.827323
1754204128	ACC	-0.053240303	0.020338992	9.826724
1754204136	ACC	-0.06759724	-0.013160525	9.812965
1754204144	ACC	-0.07238288	0.034695927	9.836296
1754204153	ACC	-0.19202402	0.010767702	9.802198
1754204161	ACC	-0.16331014	0.039481573	9.830912
1754204169	ACC	-0.07716853	0.010169496	9.802796
1754204178	ACC	-0.07716853	0.0059820567	9.841082
1754204186	ACC	-0.12502499	0.020338992	9.812367
1754204194	ACC	-0.28295127	0.016151553	9.844072
1754204203	ACC	-0.14895321	-0.03708875	9.807582
1754204211	ACC	-0.20638095	-0.0035892338	9.830912
1754204219	ACC	-0.2542374	0.015553347	9.8015995
1754204228	ACC	-0.29252258	0.010767702	9.82493
1754204236	ACC	-0.33559337	0.0011964113	9.820144
1754204244	ACC	-0.22552353	0.0059820567	9.835099
1754204253	ACC	-0.081954174	0.014955142	9.802796
1754204261	ACC	-0.07716853	-0.022731815	9.8321085
1754204269	ACC	-0.2111666	0.020338992	9.835099
1754204278	ACC	-0.19202402	-0.03708875	9.830912
1754204286	ACC	-0.25902304	0.039481573	9.815957
1754204294	ACC	-0.06759724	0.053240303	9.802796
1754204303	ACC	0.20937198	0.014955142	9.833903
1754204311	ACC	0.43908295	0.019142581	9.783055
1754204319	ACC	0.573081	0.038285162	9.841082
1754204328	ACC	0.64008003	-0.048454657	9.795019
1754204336	ACC	0.34337005	0.024526432	9.835099
1754204344	ACC	0.29072794	-0.008973085	9.829716
1754204353	ACC	0.13758731	-0.023330022	9.81476
1754204361	ACC	0.07537391	-0.047258247	9.828519
1754204369	ACC	0.22851457	-0.01375873	9.820144
1754204378	ACC	0.20458634	0.062213387	9.799805
1754204386	ACC	0.1477568	0.029312078	9.8524475
1754204394	ACC	0.05623133	0.019740786	9.799207
1754204403	ACC	0.08973085	0.024526432	9.827921
1754204411	ACC	0.11365908	-0.032901313	9.828519
1754204419	ACC	-0.029312078	-0.02751746	9.822537
1754204428	ACC	-0.06281159	0.12981063	9.816555
1754204436	ACC	0.16630118	-0.047258247	9.824331
1754204444	ACC	-0.024526432	-0.028115666	9.81835
1754204453	ACC	-0.12023934	-0.01794617	9.8219385
1754204461	ACC	-0.10109676	0.08733802	9.821341
1754204469	ACC	0.013160525	0.1058824	9.812367
1754204478	ACC	0.13280165	-0.08075777	9.805189
1754204486	ACC	0.12323037	-0.07597212	9.824331
1754204494	ACC	-0.053240303	0.0634098	9.826724
1754204503	ACC	0.07537391	0.048454657	9.827921
1754204511	ACC	0.15194423	0.034097724	9.814162
1754204519	ACC	0.0424726	-0.01375873	9.823135
1754204528	ACC	-0.07238288	-0.05623133	9.827323
1754204536	ACC	-0.18723837	-0.013160525	9.821341
1754204544	ACC	-0.10109676	-0.008374879	9.807582
1754204553	ACC	-0.17766708	0.12083755	9.815957
1754204561	ACC	-5.9820566E-4	0.058624156	9.84168
1754204569	ACC	0.2955136	-0.06699903	9.787243
1754204578	ACC	0.09930214	-0.018544376	9.809377
1754204586	ACC	-0.06759724	-0.051445685	9.84168
1754204594	ACC	-0.06281159	0.049052864	9.87458
1754204603	ACC	0.09451649	0.1052842	9.765707
1754204611	ACC	-0.034097724	0.029910283	9.836894
1754204619	ACC	0.23330021	-0.05682954	9.815358
1754204628	ACC	0.19501504	0.06281159	9.818948
1754204636	ACC	0.16151553	-0.047258247	9.84826
1754204644	ACC	-0.11066805	0.04366901	9.798011
1754204653	ACC	-0.1585245	0.015553347	9.816555
1754204661	ACC	-0.2542374	-0.013160525	9.830314
1754204669	ACC	-0.27337998	0.025124637	9.820743
1754204678	ACC	-0.3786642	0.05383851	9.819546
1754204686	ACC	-0.2111666	-0.01375873	9.773484
1754204694	ACC	-0.019740786	-0.01794617	9.8321085
1754204703	ACC	-0.014955142	-0.008973085	9.812965
1754204711	ACC	0.15672988	0.029312078	9.828519
1754204719	ACC	0.2428715	-0.018544376	9.834501
1754204728	ACC	0.008973085	-0.01375873	9.813564
1754204736	ACC	-0.048454657	0.106480606	9.830912
1754204744	ACC	-0.03888337	-0.013160525	9.860822
1754204753	ACC	0.061615184	-0.061016977	9.866804
1754204761	ACC	-0.081954174	0.081954174	9.8117695
1754204770	ACC	-0.05802595	-0.01375873	9.798609
1754204778	ACC	-0.12502499	0.06281159	9.792626
1754204786	ACC	-0.053240303	-0.008973085	9.793823
1754204795	ACC	-0.034097724	0.015553347	9.84168
1754204803	ACC	-0.014955142	5.9820566E-4	9.798609
1754204811	ACC	0.09930214	-0.008973085	9.814162
1754204820	ACC	0.17108682	-0.047258247	9.829117
1754204828	ACC	-0.15373886	-0.032303106	9.817153
1754204836	ACC	-0.2015953	0.09212367	9.853643
1754204845	ACC	0.3481557	0.05802595	9.858429
1754204853	ACC	0.30029923	0.0047856453	9.744172
1754204861	ACC	0.12323037	0.02871387	9.766306
1754204870	ACC	0.17168503	-0.023330022	9.853045
1754204878	ACC	-0.04366901	0.0059820567	9.851251
1754204886	ACC	-0.04366901	0.015553347	9.846465
1754204895	ACC	-0.053240303	-0.032901313	9.798609
1754204903	ACC	-0.2638087	-0.03708875	9.84467
1754204911	ACC	-0.14895321	0.020338992	9.802198
1754204920	ACC	-0.24466611	0.106480606	9.79143
1754204928	ACC	0.16151553	0.04366901	9.828519
1754204936	ACC	0.17108682	-0.033499517	9.771689
1754204945	ACC	0.276371	-0.018544376	9.839287
1754204953	ACC	0.032901313	0.024526432	9.827921
1754204961	ACC	-0.014955142	0.025124637	9.84168
1754204970	ACC	0.0424726	0.010169496	9.823135
1754204978	ACC	0.09451649	0.005383851	9.795019
1754204986	ACC	0.07597212	-0.046660043	9.8428755
1754204995	ACC	-0.08673982	0.0059820567	9.826724
1754205003	ACC	0.041874398	0.019740786	9.765707
1754205011	ACC	0.0424726	0.025124637	9.842278
1754205020	ACC	0.046660043	0.024526432	9.827921
1754205028	ACC	0.10887343	0.010169496	9.83809
1754205036	ACC	-0.06281159	0.034695927	9.83151
1754205045	ACC	0.08015956	-0.023330022	9.83809
1754205053	ACC	-0.048454657	0.005383851	9.80818
1754205061	ACC	0.046660043	-0.0041874396	9.823135
1754205070	ACC	0.032303106	0.034097724	9.813564
1754205078	ACC	-0.22073789	0.0011964113	9.787841
1754205086	ACC	-0.07238288	-0.01794617	9.80818
1754205095	ACC	-0.19680966	0.07776674	9.839885
1754205103	ACC	-0.11066805	0.025124637	9.836296
1754205111	ACC	-0.03888337	-0.0951147	9.803992
1754205120	ACC	-0.12023934	0.029910283	9.830912
1754205128	ACC	-0.23988047	0.09212367	9.829716
1754205136	ACC	-0.48394838	0.317049	9.8117695
1754205145	ACC	0.3290131	-0.26679972	9.889536
1754205153	ACC	0.35294133	-0.06759724	9.726226
1754205161	ACC	-0.18305093	0.034097724	9.759128
1754205170	ACC	-0.1585245	0.029910283	9.864411
1754205178	ACC	-0.26859435	0.0065802624	9.863813
1754205186	ACC	-0.17766708	0.05383851	9.859028
1754205195	ACC	0.028115666	-0.02751746	9.847063
1754205203	ACC	0.046660043	-0.0041874396	9.78485
1754205211	ACC	-0.010169496	0.0059820567	9.846465
1754205220	ACC	0.061016977	0.029312078	9.813564
1754205228	ACC	-0.27337998	0.081954174	9.74836
1754205236	ACC	-0.16390835	-0.052043892	9.75494
1754205245	ACC	-0.13459627	0.029910283	9.859626
1754205253	ACC	-0.07716853	-0.06580263	9.827323
1754205261	ACC	0.032901313	-0.032303106	9.890134
1754205270	ACC	-0.14895321	0.05802595	9.77827
1754205278	ACC	-0.106480606	0.05802595	9.778868
1754205286	ACC	0.2428715	-0.008973085	9.868001
1754205295	ACC	0.2428715	-0.0041874396	9.820144
1754205303	ACC	0.16151553	0.024526432	9.823733
1754205311	ACC	0.25722843	0.019740786	9.853045
1754205320	ACC	0.06580263	0.014955142	9.78485
1754205328	ACC	-0.12023934	0.019740786	9.783653
1754205336	ACC	-0.049052864	0.053240303	9.798011
1754205345	ACC	-0.0011964113	-0.052043892	9.803992
1754205353	ACC	-0.1680958	-0.017347964	9.864411
1754205361	ACC	-0.25902304	0.054436713	9.877572
1754205370	ACC	-0.12023934	0.010767702	9.826724
1754205378	ACC	0.1471586	0.014955142	9.809377
1754205386	ACC	0.20458634	0.03888337	9.829117
1754205395	ACC	0.20458634	-0.023330022	9.829117
1754205403	ACC	0.28594232	-0.02871387	9.8015995
1754205411	ACC	0.19501504	0.11545369	9.818948
1754205420	ACC	0.03708875	-0.05682954	9.799805
1754205428	ACC	-0.11545369	0.025124637	9.85484
1754205436	ACC	-0.20638095	0.049052864	9.825528
1754205445	ACC	-0.091525465	0.05383851	9.85484
1754205453	ACC	0.09451649	-0.05682954	9.81476
1754205461	ACC	-0.12981063	0.039481573	9.845269
1754205470	ACC	-0.12502499	-0.032303106	9.845867
1754205478	ACC	-0.23509483	0.049052864	9.811171
1754205486	ACC	0.10887343	-0.014356935	9.771091
1754205495	ACC	0.046660043	0.06699903	9.722636
1754205503	ACC	0.17587246	-0.02871387	9.762716
1754205512	ACC	0.40079778	0.076570325	9.84467
1754205520	ACC	0.41515473	-0.023330022	9.873982
1754205528	ACC	0.13758731	-0.061615184	9.829117
1754205537	ACC	-0.28773692	0.064008005	9.848858
1754205545	ACC	-0.25902304	0.08733802	9.815358
1754205553	ACC	-0.14416756	-0.008374879	9.812367
1754205562	ACC	-0.33559337	-0.08015956	9.792028
1754205570	ACC	-0.53659046	0.09810573	9.88475
1754205578	ACC	-0.25902304	0.0011964113	9.772886
1754205587	ACC	-0.14416756	0.015553347	9.859626
1754205595	ACC	-0.09212367	0.029312078	9.764511
1754205603	ACC	-0.005383851	-0.013160525	9.827921
1754205612	ACC	-0.19202402	0.025722843	9.902099
1754205620	ACC	-0.24466611	-0.01375873	9.754341
1754205628	ACC	-0.22552353	-0.013160525	9.850055
1754205637	ACC	-0.28295127	0.07776674	9.844072
1754205645	ACC	0.15672988	0.014955142	9.828519
1754205653	ACC	0.09930214	-0.047856454	9.742975
1754205662	ACC	-0.06759724	0.03888337	9.807582
1754205670	ACC	0.123828575	0.029910283	9.880563
1754205678	ACC	0.25244278	-0.014356935	9.772287
1754205687	ACC	0.08075777	0.010169496	9.842278
1754205695	ACC	-0.048454657	0.08733802	9.859626
1754205703	ACC	0.3385844	-0.02871387	9.773484
1754205712	ACC	0.26679972	5.9820566E-4	9.8727865
1754205720	ACC	0.09930214	-0.028115666	9.766306
1754205728	ACC	-0.28295127	0.111864455	9.867402
1754205737	ACC	-0.03888337	-0.07537391	9.847063
1754205745	ACC	-0.421735	0.0634098	9.804591
1754205753	ACC	-0.12502499	0.020338992	9.85484
1754205762	ACC	0.21894327	-0.066400826	9.79143
1754205770	ACC	-0.23030917	0.17347965	9.833903
1754205778	ACC	0.16630118	-0.09990034	9.801002
1754205787	ACC	0.25722843	0.053240303	9.853045
1754205795	ACC	0.5922236	-0.038285162	9.808778
1754205803	ACC	0.30029923	0.038285162	9.777073
1754205812	ACC	0.15672988	0.029312078	9.814162
1754205820	ACC	0.02751746	0.096311115	9.803394
1754205828	ACC	0.4869394	-0.0951147	9.856036
1754205837	ACC	0.25244278	0.06759724	9.81476
1754205845	ACC	0.40079778	-0.033499517	9.802198
1754205853	ACC	-0.091525465	0.06819545	9.826126
1754205862	ACC	0.047258247	-0.02751746	9.842278
1754205870	ACC	-0.1058824	0.0059820567	9.826724
1754205878	ACC	-0.19202402	0.05383851	9.854242
1754205887	ACC	-0.21595225	0.05383851	9.820743
1754205895	ACC	-0.13040884	-0.062213387	9.688539
1754205903	ACC	-0.2542374	0.07836494	9.858429
1754205912	ACC	0.123828575	-0.017347964	9.94816
1754205920	ACC	0.24765715	0.032901313	9.729217
1754205928	ACC	0.22851457	0.038285162	9.7812605
1754205937	ACC	0.26679972	-0.028115666	9.839287
1754205945	ACC	-0.024526432	0.034695927	9.851251
1754205953	ACC	-0.11066805	-0.01794617	9.860224
1754205962	ACC	-0.1680958	0.010767702	9.840483
1754205970	ACC	-0.40259242	0.07298109	9.823733
1754205978	ACC	-0.1680958	-0.008374879	9.835697
1754205987	ACC	-0.13998012	5.9820566E-4	9.731011
1754205995	ACC	-0.24945176	0.05383851	9.792028
1754206003	ACC	0.07058827	0.010169496	9.832706
1754206012	ACC	0.17108682	0.014955142	9.862019
1754206020	ACC	0.023330022	-0.008374879	9.861421
1754206028	ACC	0.037686955	-0.0035892338	9.842278
1754206037	ACC	-0.010169496	0.029910283	9.84168
1754206045	ACC	-0.014955142	0.020338992	9.8321085
1754206053	ACC	0.041874398	0.019740786	9.823135
1754206062	ACC	-0.1585245	0.0059820567	9.802198
1754206070	ACC	-0.40737805	0.0059820567	9.800404
1754206078	ACC	-0.48873404	0.0011964113	9.766306
1754206087	ACC	-0.40737805	0.0011964113	9.805189
1754206095	ACC	-0.66101724	0.08315059	9.807582
1754206103	ACC	-0.029312078	-0.06999006	9.956535
1754206112	ACC	-0.48394838	0.15972091	9.822537
1754206120	ACC	0.20937198	-0.07597212	9.853643
1754206128	ACC	0.051445685	0.03888337	9.799207
1754206137	ACC	0.08973085	0.024526432	9.785448
1754206145	ACC	0.2620141	0.0	9.743574
1754206153	ACC	0.11844472	0.019142581	9.747163
1754206162	ACC	-0.0634098	0.034097724	9.783653
1754206170	ACC	0.12861422	-0.022731815	9.895518
1754206178	ACC	-0.11545369	0.039481573	9.864411
1754206187	ACC	-0.13938192	0.029910283	9.864411
1754206195	ACC	-0.12981063	0.029910283	9.845269
1754206203	ACC	-0.2111666	0.034695927	9.792028
1754206212	ACC	-0.15373886	-0.046660043	9.83151
1754206220	ACC	-0.13459627	0.05383851	9.85484
1754206228	ACC	0.16630118	0.04366901	9.818948
1754206237	ACC	0.34337005	0.018544376	9.710672
1754206245	ACC	0.28115666	0.009571291	9.786645
1754206253	ACC	0.36729828	-0.018544376	9.873384
1754206262	ACC	0.24765715	0.0	9.777073
1754206270	ACC	-0.12981063	0.0011964113	9.817153
1754206278	ACC	-0.28295127	0.039481573	9.844072
1754206287	ACC	-0.3068795	0.096909314	9.805189
1754206295	ACC	0.02751746	5.9820566E-4	9.808778
1754206303	ACC	0.08075777	-0.01794617	9.847662
1754206312	ACC	0.123828575	-0.032303106	9.862019
1754206320	ACC	0.023330022	-0.01794617	9.842278
1754206328	ACC	-0.015553347	0.2015953	9.8117695
1754206337	ACC	0.3481557	-0.043070808	9.816555
1754206345	ACC	0.46301118	-0.062213387	9.826724
1754206354	ACC	0.13758731	0.03888337	9.828519
1754206362	ACC	0.08015956	0.024526432	9.81835
1754206370	ACC	0.15672988	0.010169496	9.823733
1754206379	ACC	0.022731815	0.04366901	9.812965
1754206387	ACC	0.11844472	0.04366901	9.823135
1754206395	ACC	0.2620141	-0.032901313	9.810573
1754206403	ACC	0.07058827	0.010169496	9.837492
1754206412	ACC	-0.15373886	0.025124637	9.850055
1754206420	ACC	-0.16331014	-0.036490545	9.87458
1754206429	ACC	-0.5270192	0.050249275	9.890134
1754206437	ACC	-0.65084773	0.059820566	9.884152
1754206445	ACC	-0.76570326	0.050249275	9.863813
1754206454	ACC	-0.503091	-0.0029910284	9.818948
1754206462	ACC	-0.3164508	0.0634098	9.781859
1754206470	ACC	0.05623133	-0.06819545	9.58505
1754206479	ACC	-0.3260221	0.12562318	9.819546
1754206487	ACC	0.1471586	-0.023330022	9.81476
1754206495	ACC	0.023330022	-0.032901313	9.823135
1754206504	ACC	-0.14895321	0.04965107	9.897313
1754206512	ACC	-0.106480606	0.11066805	9.759128
1754206520	ACC	0.09930214	5.9820566E-4	9.809377
1754206529	ACC	0.1471586	0.014955142	9.790234
1754206537	ACC	0.109471634	0.010767702	9.876375
1754206545	ACC	0.032303106	0.02871387	9.703494
1754206554	ACC	-0.081954174	0.016151553	9.903295
1754206562	ACC	-0.024526432	0.049052864	9.860224
1754206570	ACC	-0.25902304	0.05802595	9.7681
1754206579	ACC	-0.13459627	-0.03708875	9.817153
1754206587	ACC	-0.32123643	0.04965107	9.84826
1754206595	ACC	-0.15373886	0.101694964	9.859028
1754206604	ACC	0.0035892338	-0.0041874396	9.808778
1754206612	ACC	0.28115666	0.038285162	9.757931
1754206620	ACC	0.14237295	0.034097724	9.857233
1754206629	ACC	0.22372891	0.0	9.786645
1754206637	ACC	-0.034097724	0.039481573	9.841082
1754206645	ACC	-0.04366901	0.039481573	9.865009
1754206654	ACC	-0.05802595	0.07238288	9.817153
1754206662	ACC	0.19980069	0.010169496	9.795618
1754206670	ACC	0.27158538	0.014955142	9.810573
1754206679	ACC	0.30029923	0.02871387	9.796216
1754206687	ACC	0.2620141	0.019740786	9.82493
1754206695	ACC	0.25244278	0.03888337	9.81476
1754206704	ACC	0.1381855	0.029910283	9.87159
1754206712	ACC	0.0424726	0.020338992	9.875777
1754206720	ACC	-0.096311115	0.0634098	9.830912
1754206729	ACC	-0.06819545	5.9820566E-4	9.769895
1754206737	ACC	-0.24945176	0.029910283	9.820743
1754206745	ACC	-0.010767702	0.024526432	9.77468
1754206754	ACC	-0.07298109	0.04366901	9.793225
1754206762	ACC	0.13758731	0.04366901	9.814162
1754206770	ACC	0.24765715	0.019740786	9.810573
1754206779	ACC	0.06580263	0.029312078	9.81835
1754206787	ACC	0.17587246	0.029312078	9.8428755
1754206795	ACC	0.21894327	0.005383851	9.838689
1754206804	ACC	0.0849452	0.034097724	9.803992
1754206812	ACC	-0.11066805	0.04426722	9.826126
1754206820	ACC	-0.034097724	0.024526432	9.80818
1754206829	ACC	0.046660043	0.010169496	9.78485
1754206837	ACC	-0.010169496	-0.0041874396	9.799207
1754206845	ACC	0.12323037	0.048454657	9.799805
1754206854	ACC	-0.053240303	0.020338992	9.836296
1754206862	ACC	-0.024526432	0.04426722	9.879367
1754206870	ACC	0.17587246	0.048454657	9.833304
1754206879	ACC	0.2955136	0.0	9.796814
1754206887	ACC	0.33379877	0.038285162	9.805787
1754206895	ACC	0.20458634	-0.0041874396	9.833903
1754206904	ACC	-0.15373886	0.034695927	9.802198
1754206912	ACC	-0.2973082	0.0011964113	9.815957
1754206920	ACC	-0.20638095	0.011365907	9.892527
1754206929	ACC	-0.20638095	0.010767702	9.840483
1754206937	ACC	-0.27816564	0.035294134	9.853643
1754206945	ACC	-0.17766708	0.030508488	9.868599
1754206954	ACC	0.013160525	0.029312078	9.7609215
1754206962	ACC	0.07058827	0.047856454	9.741779
1754206970	ACC	0.16630118	0.023928227	9.742975
1754206979	ACC	-0.048454657	0.010767702	9.869795
1754206987	ACC	-0.3068795	0.0023928226	9.920643
1754206995	ACC	-0.17288144	-0.008374879	9.835697
1754207004	ACC	-0.081954174	0.0059820567	9.826724
1754207012	ACC	-0.07238288	0.010767702	9.841082
1754207020	ACC	0.08015956	0.019740786	9.808778
1754207029	ACC	0.0035892338	0.05802595	9.789038
1754207037	ACC	-0.1058824	0.04426722	9.840483
1754207045	ACC	-0.053240303	0.025124637	9.836296
1754207054	ACC	0.07537391	0.024526432	9.7704935
1754207062	ACC	0.104087785	-0.008374879	9.847662
1754207070	ACC	0.066400826	-0.01794617	9.851849
1754207079	ACC	0.0035892338	-0.0041874396	9.794421
1754207087	ACC	-0.029312078	0.0011964113	9.836894
1754207095	ACC	-0.05802595	0.029910283	9.836296
1754207104	ACC	-0.07238288	0.09212367	9.864411
1754207112	ACC	-0.2111666	0.058624156	9.849456
1754207120	ACC	-0.034695927	0.024526432	9.793823
1754207129	ACC	-0.101694964	0.029312078	9.745368
1754207137	ACC	-0.025124637	-0.028115666	9.775279
1754207145	ACC	0.061016977	0.010169496	9.765707
1754207154	ACC	-0.08673982	-0.0035892338	9.860224
1754207162	ACC	-0.1058824	0.015553347	9.879367
1754207171	ACC	-0.024526432	0.010767702	9.851251
1754207179	ACC	-0.14895321	0.04426722	9.850055
1754207187	ACC	-0.26859435	0.04965107	9.877572
1754207196	ACC	-0.14416756	0.0011964113	9.859626
1754207204	ACC	-0.1680958	0.07298109	9.811171
1754207212	ACC	-0.29252258	0.0059820567	9.777672
1754207221	ACC	0.008973085	-0.008973085	9.823135
1754207229	ACC	-0.28773692	0.048454657	9.743574
1754207237	ACC	-0.17288144	-0.0029910284	9.869197
1754207246	ACC	-0.010169496	0.010767702	9.836894
1754207254	ACC	-0.13938192	0.034695927	9.816555
1754207262	ACC	-0.12981063	0.020338992	9.821341
1754207271	ACC	-0.16331014	0.039481573	9.806984
1754207279	ACC	-0.12981063	0.020937199	9.893126
1754207287	ACC	-0.07776674	0.0951147	9.630513
1754207296	ACC	-0.36430725	-0.031106694	9.906285
1754207304	ACC	-0.20638095	0.06281159	9.782457
1754207312	ACC	-0.21595225	-0.0077766734	9.864411
1754207321	ACC	-0.015553347	-0.018544376	9.7704935
1754207329	ACC	-0.0059820567	0.07716853	9.789038
1754207337	ACC	0.028115666	-0.01794617	9.847063
1754207346	ACC	-0.034097724	0.029910283	9.84168
1754207354	ACC	-0.08255238	0.048454657	9.759726
1754207362	ACC	-0.20638095	0.020338992	9.84467
1754207371	ACC	-0.10109676	0.068793654	9.907482
1754207379	ACC	-0.0634098	0.014955142	9.779466
1754207387	ACC	-0.091525465	0.07716853	9.787841
1754207396	ACC	-0.07238288	0.010767702	9.87458
1754207404	ACC	-0.010767702	0.005383851	9.7704935
1754207412	ACC	-0.37387854	0.0017946169	9.876974
1754207421	ACC	-0.3260221	0.10109676	9.766904
1754207429	ACC	-0.23030917	0.034695927	9.806385
1754207437	ACC	-0.096311115	0.010767702	9.812367
1754207446	ACC	-0.12502499	0.05383851	9.821341
1754207454	ACC	-0.07716853	0.014955142	9.807582
1754207462	ACC	-0.18245272	0.096909314	9.811171
1754207471	ACC	-0.23509483	-0.10827523	9.884152
1754207479	ACC	-0.37387854	0.08255238	9.823733
1754207487	ACC	-0.12502499	-0.023330022	9.783653
1754207496	ACC	-0.33080772	0.020937199	9.877572
1754207504	ACC	-0.4743771	0.0065802624	9.818948
1754207512	ACC	-0.4456632	0.044865426	9.823733
1754207521	ACC	-0.26859435	0.025124637	9.830314
1754207529	ACC	-0.24945176	0.0059820567	9.811171
1754207537	ACC	-0.2973082	0.106480606	9.824331
1754207546	ACC	0.032901313	0.0634098	9.875179
1754207554	ACC	0.051445685	-0.052043892	9.775877
1754207562	ACC	0.14237295	0.034097724	9.795019
1754207571	ACC	0.47258246	0.014356935	9.793225
1754207579	ACC	0.27158538	0.053240303	9.84826
1754207587	ACC	0.44865423	-0.0047856453	9.817153
1754207596	ACC	0.34337005	0.05802595	9.829716
1754207604	ACC	0.28594232	0.043070808	9.796216
1754207612	ACC	0.14237295	-0.008374879	9.866804
1754207621	ACC	-0.048454657	0.029910283	9.826724
1754207629	ACC	0.0849452	0.024526432	9.827921
1754207637	ACC	0.041874398	0.03888337	9.8321085
1754207646	ACC	0.28594232	0.0047856453	9.744172
1754207654	ACC	0.15194423	0.010169496	9.828519
1754207662	ACC	0.19501504	0.048454657	9.83809
1754207671	ACC	0.5922236	-0.07178468	9.81835
1754207679	ACC	0.15194423	0.081954174	9.847063
1754207687	ACC	0.44865423	-0.014356935	9.798011
1754207696	ACC	0.6257231	0.0041874396	9.78485
1754207704	ACC	0.6113662	0.0047856453	9.851251
1754207712	ACC	0.5778667	0.02871387	9.817751
1754207721	ACC	0.31465617	-0.023330022	9.839885
1754207729	ACC	0.38165522	-0.0047856453	9.797412
1754207737	ACC	0.032303106	0.03888337	9.822537
1754207746	ACC	-0.0059820567	0.019740786	9.817751
1754207754	ACC	0.08973085	0.034097724	9.827921
1754207762	ACC	0.10887343	0.04366901	9.808778
1754207771	ACC	0.12323037	0.04366901	9.823733
1754207779	ACC	0.16151553	0.034097724	9.814162
1754207787	ACC	0.10887343	0.029312078	9.823733
1754207796	ACC	0.06580263	0.029312078	9.803992
1754207804	ACC	-0.03888337	0.029312078	9.817751
1754207812	ACC	-0.024526432	0.015553347	9.827323
1754207821	ACC	-0.029312078	0.014955142	9.817751
1754207829	ACC	-0.048454657	0.015553347	9.822537
1754207837	ACC	-0.11066805	0.020338992	9.83151
1754207846	ACC	-0.14416756	0.034695927	9.821341
1754207854	ACC	-0.17766708	0.049052864	9.825528
1754207862	ACC	-0.034097724	0.029312078	9.817751
1754207871	ACC	-0.16331014	0.034695927	9.8117695
1754207879	ACC	-0.15373886	0.04426722	9.821341
1754207887	ACC	0.02751746	0.024526432	9.81835
1754207896	ACC	0.23330021	0.010169496	9.829117
1754207904	ACC	0.26679972	0.010169496	9.829716
1754207912	ACC	0.104087785	0.010169496	9.818948
1754207921	ACC	0.066400826	0.005383851	9.827921
1754207929	ACC	0.018544376	5.9820566E-4	9.813564
1754207937	ACC	-0.005383851	0.014955142	9.817751
1754207946	ACC	0.046660043	0.005383851	9.81835
1754207954	ACC	0.08015956	0.029312078	9.81835
1754207963	ACC	0.018544376	0.048454657	9.817751
1754207971	ACC	-0.03888337	0.04426722	9.845867
1754207979	ACC	-0.010169496	0.029312078	9.812965
1754207987	ACC	-0.034097724	0.106480606	9.845269
1754207996	ACC	-0.07298109	-0.023330022	9.789038
1754208004	ACC	-0.005383851	0.039481573	9.84168
1754208013	ACC	-0.024526432	0.015553347	9.84168
1754208021	ACC	-0.015553347	0.04366901	9.798609
1754208029	ACC	-0.04366901	0.020338992	9.8321085
1754208037	ACC	-0.03888337	0.03888337	9.812367
1754208046	ACC	-0.029910283	0.03888337	9.803394
1754208054	ACC	-0.034097724	0.025124637	9.84168
1754208063	ACC	-0.029312078	0.034097724	9.817751
1754208071	ACC	-0.029312078	0.03888337	9.822537
1754208079	ACC	-0.034695927	0.03888337	9.80818
1754208088	ACC	-0.034097724	0.04366901	9.817153
1754208096	ACC	-0.034097724	0.034695927	9.822537
1754208104	ACC	-0.034097724	0.029910283	9.822537
1754208113	ACC	-0.024526432	0.025124637	9.8321085
1754208121	ACC	-0.05802595	0.019740786	9.812367
1754208129	ACC	-0.034097724	0.020338992	9.84168
1754208138	ACC	-0.034097724	0.010169496	9.817751
1754208146	ACC	-0.04366901	0.019740786	9.812965
1754208154	ACC	-0.03888337	0.010767702	9.822537
1754208163	ACC	-0.048454657	0.010767702	9.822537
1754208171	ACC	-0.03888337	-0.0041874396	9.812965
1754208179	ACC	-0.048454657	5.9820566E-4	9.812965
1754208188	ACC	-0.048454657	-0.0035892338	9.822537
1754208196	ACC	-0.06759724	-0.02751746	9.836894
1754208204	ACC	-0.096311115	-0.051445685	9.836894
1754208213	ACC	-0.21595225	-0.01794617	9.826126
1754208221	ACC	-0.20638095	-0.022731815	9.830912
1754208229	ACC	-0.14416756	-0.041874398	9.802796
1754208238	ACC	-0.17766708	-0.0035892338	9.8117695
1754208246	ACC	-0.17766708	0.07776674	9.825528
1754208254	ACC	-0.096311115	0.14895321	9.811171
1754208263	ACC	0.06580263	0.091525465	9.812965
1754208271	ACC	-0.014955142	0.04426722	9.836894
1754208279	ACC	-0.034695927	-0.0041874396	9.803394
1754208288	ACC	-0.15373886	-0.0035892338	9.830912
1754208296	ACC	-0.18723837	-0.08015956	9.83151
1754208304	ACC	-0.37387854	-0.14656039	9.806984
1754208313	ACC	-0.35473597	-0.03708875	9.805787
1754208321	ACC	-0.12981063	-0.0035892338	9.841082
1754208329	ACC	-0.1680958	0.049052864	9.806984
1754208338	ACC	-0.2111666	0.049052864	9.820743
1754208346	ACC	-0.11545369	0.08733802	9.816555
1754208354	ACC	0.018544376	0.0011964113	9.847063
1754208363	ACC	-0.0059820567	0.096311115	9.802796
1754208371	ACC	-0.05802595	-0.008973085	9.80818
1754208379	ACC	-0.13938192	-0.14237295	9.81835
1754208388	ACC	-0.17288144	-0.06580263	9.850653
1754208396	ACC	0.05623133	-0.15732808	9.786645
1754208404	ACC	-0.048454657	-0.11365908	9.81835
1754208413	ACC	0.032303106	0.053240303	9.8321085
1754208421	ACC	0.11844472	0.024526432	9.814162
1754208429	ACC	0.08015956	0.06281159	9.837492
1754208438	ACC	0.11365908	0.034097724	9.823733
1754208446	ACC	0.02751746	0.048454657	9.812965
1754208454	ACC	0.12801601	0.096311115	9.813564
1754208463	ACC	0.051445685	0.23988047	9.830912
1754208471	ACC	0.17587246	0.12023934	9.808778
1754208479	ACC	0.17587246	0.20638095	9.80818
1754208488	ACC	0.30029923	0.16749759	9.809377
1754208496	ACC	0.15194423	0.07716853	9.823135
1754208504	ACC	0.11365908	0.06281159	9.837492
1754208513	ACC	0.013160525	0.019740786	9.817751
1754208521	ACC	-0.05802595	-0.008374879	9.822537
1754208529	ACC	-0.081954174	0.020338992	9.8219385
1754208538	ACC	-0.039481573	0.019740786	9.793823
1754208546	ACC	-0.05383851	0.05802595	9.817153
1754208554	ACC	0.008374879	0.04366901	9.812965
1754208563	ACC	-0.11545369	-0.05623133	9.822537
1754208571	ACC	-0.36909288	-0.20877378	9.821341
1754208579	ACC	-0.41694933	-0.3044867	9.812367
1754208588	ACC	-0.3068795	-0.28055847	9.846465
1754208596	ACC	-0.28773692	-0.2853441	9.827323
1754208604	ACC	-0.27337998	-0.28594232	9.808778
1754208613	ACC	-0.28773692	-0.09930214	9.8117695
1754208621	ACC	-0.17766708	-0.01794617	9.835697
1754208629	ACC	-0.08673982	0.24466611	9.810573
1754208638	ACC	0.0035892338	0.32123643	9.810573
1754208646	ACC	-0.14416756	0.2542374	9.809975
1754208654	ACC	-0.12981063	0.25962126	9.838689
1754208663	ACC	0.07058827	0.19680966	9.802796
1754208671	ACC	-0.13459627	0.17826529	9.82493
1754208679	ACC	-0.23988047	0.13040884	9.829716
1754208688	ACC	-0.18723837	0.029910283	9.826126
1754208696	ACC	-0.29252258	-0.06999006	9.835099
1754208704	ACC	-0.3499503	-0.036490545	9.844072
1754208713	ACC	-0.35473597	-0.041874398	9.805787
1754208721	ACC	-0.3164508	-0.008374879	9.805787
1754208729	ACC	-0.56530434	0.05922236	9.860822
1754208738	ACC	-0.28773692	0.06819545	9.786645
1754208746	ACC	-0.1058824	0.07776674	9.821341
1754208754	ACC	0.01375873	0.15433706	9.850055
1754208763	ACC	0.16151553	0.11066805	9.81835
1754208771	ACC	0.07537391	0.21535404	9.759726
1754208779	ACC	0.16151553	0.16331014	9.865608
1754208788	ACC	0.16151553	0.12023934	9.81835
1754208796	ACC	0.013160525	0.20578274	9.768699
1754208804	ACC	0.17587246	0.12502499	9.875777
1754208813	ACC	0.0849452	0.03888337	9.808778
1754208821	ACC	-0.029910283	0.12981063	9.788439
1754208830	ACC	-0.13459627	0.14955142	9.830314
1754208838	ACC	-0.22073789	0.020937199	9.868599
1754208846	ACC	-0.13938192	-0.21415763	9.780663
1754208855	ACC	-0.29252258	-0.3188436	9.861421
1754208863	ACC	0.14237295	-0.37268212	9.802796
1754208871	ACC	0.32422748	-0.22492532	9.760324
1754208880	ACC	0.018544376	0.034695927	9.875179
1754208888	ACC	0.07537391	0.1058824	9.827323
1754208896	ACC	0.23808585	0.2009971	9.780065
1754208905	ACC	0.25244278	0.30149564	9.812965
1754208913	ACC	0.15194423	0.28235307	9.807582
1754208921	ACC	0.013160525	0.24945176	9.830314
1754208930	ACC	-0.010169496	0.1680958	9.835697
1754208938	ACC	0.01794617	0.1058824	9.798011
1754208946	ACC	-0.32123643	0.17826529	9.828519
1754208955	ACC	-0.63170516	0.24646074	9.915857
1754208963	ACC	-0.8422736	0.27996024	9.828519
1754208971	ACC	-0.58923256	0.04426722	9.717851
1754208980	ACC	-0.3068795	-0.11784652	9.8835535
1754208988	ACC	-0.07776674	-0.16689938	9.737592
1754208996	ACC	0.023330022	-0.24765715	9.8727865
1754209005	ACC	0.30987054	-0.26739794	9.793823
1754209013	ACC	0.15672988	-0.08075777	9.834501
1754209021	ACC	0.22372891	-0.09990034	9.787243
1754209030	ACC	0.20458634	-0.01375873	9.862617
1754209038	ACC	-0.029910283	0.096311115	9.8219385
1754209046	ACC	-0.010767702	0.17766708	9.816555
1754209055	ACC	0.061615184	0.04426722	9.851849
1754209063	ACC	0.15672988	0.13399807	9.741779
1754209071	ACC	-0.048454657	0.20219351	9.84467
1754209080	ACC	0.022731815	0.12502499	9.826724
1754209088	ACC	0.16151553	0.04366901	9.818948
1754209096	ACC	0.104087785	-0.028115666	9.823733
1754209105	ACC	-0.28295127	0.068793654	9.8632145
1754209113	ACC	-0.23509483	0.07298109	9.787243
1754209121	ACC	-0.32123643	0.0059820567	9.810573
1754209130	ACC	-0.47916272	0.07776674	9.803992
1754209138	ACC	-0.19202402	0.0735793	9.897313
1754209146	ACC	-0.13938192	0.14895321	9.8015995
1754209155	ACC	-0.15373886	0.101694964	9.806385
1754209163	ACC	0.08015956	0.034097724	9.78485
1754209171	ACC	0.14237295	-0.008973085	9.833304
1754209180	ACC	0.05623133	-0.05682954	9.809377
1754209188	ACC	0.18065812	-0.15254244	9.825528
1754209196	ACC	0.12801601	-0.052043892	9.843474
1754209205	ACC	0.03708875	-0.05682954	9.799805
1754209213	ACC	0.1902294	-0.08075777	9.820144
1754209221	ACC	0.022731815	5.9820566E-4	9.81835
1754209230	ACC	-0.1680958	0.15433706	9.82493
1754209238	ACC	-0.11066805	0.015553347	9.802796
1754209246	ACC	0.11844472	-0.0424726	9.833903
1754209255	ACC	-0.24945176	0.2213361	9.799805
1754209263	ACC	-0.15373886	0.13998012	9.820743
1754209271	ACC	0.047258247	0.010767702	9.866206
1754209280	ACC	0.15194423	-0.0041874396	9.786046
1754209288	ACC	0.08973085	-0.08075777	9.800404
1754209296	ACC	0.13758731	-0.16151553	9.839287
1754209305	ACC	-0.034097724	-0.07537391	9.851849
1754209313	ACC	0.05623133	-0.109471634	9.766904
1754209321	ACC	0.06580263	-0.01794617	9.8428755
1754209330	ACC	-0.08673982	-0.008374879	9.80818
1754209338	ACC	-0.3786642	0.05922236	9.824331
1754209346	ACC	-0.30209386	-0.008374879	9.8015995
1754209355	ACC	-0.034097724	-0.05623133	9.851849
1754209363	ACC	-0.106480606	-0.0041874396	9.764511
1754209371	ACC	-0.3068795	0.14057833	9.87159
1754209380	ACC	-0.106480606	0.11066805	9.787841
1754209388	ACC	0.0041874396	0.039481573	9.860822
1754209396	ACC	0.061016977	0.07238288	9.822537
1754209405	ACC	-0.27816564	0.18783657	9.790234
1754209413	ACC	-0.34037903	0.2117648	9.808778
1754209421	ACC	-0.19680966	0.0735793	9.897313
1754209430	ACC	-0.1160519	-0.032901313	9.760324
1754209438	ACC	-0.3260221	-0.012562319	9.839287
1754209446	ACC	-0.17766708	-0.041874398	9.812367
1754209455	ACC	-0.12981063	-0.04127619	9.87458
1754209463	ACC	0.11844472	-0.16211374	9.781859
1754209471	ACC	-0.12023934	0.06819545	9.816555
1754209480	ACC	0.041874398	0.019740786	9.81835
1754209488	ACC	0.08973085	0.05802595	9.799207
1754209496	ACC	0.10887343	5.9820566E-4	9.83809
1754209505	ACC	0.032303106	0.020338992	9.832706
1754209513	ACC	-0.06819545	0.029312078	9.778868
1754209521	ACC	0.008973085	0.1160519	9.869795
1754209530	ACC	0.24765715	-0.0047856453	9.796216
1754209538	ACC	0.31944183	0.019740786	9.839287
1754209546	ACC	-0.06759724	0.10109676	9.821341
1754209555	ACC	0.104087785	0.053240303	9.808778
1754209563	ACC	0.31944183	-0.023928227	9.772886
1754209571	ACC	0.21894327	-0.13339986	9.815957
1754209580	ACC	0.35294133	-0.20039889	9.870394
1754209588	ACC	0.20458634	-0.09990034	9.815957
1754209597	ACC	0.051445685	0.015553347	9.837492
1754209605	ACC	-0.014955142	-0.041874398	9.851849
1754209613	ACC	0.13280165	-0.1052842	9.757931
1754209621	ACC	-0.081954174	0.053240303	9.802796
1754209630	ACC	-0.091525465	0.096909314	9.830912
1754209638	ACC	-0.05802595	0.058624156	9.8219385
1754209646	ACC	-0.034097724	0.04426722	9.836296
1754209655	ACC	0.0035892338	-0.018544376	9.799207
1754209663	ACC	0.08554341	-0.061016977	9.857233
1754209671	ACC	-0.039481573	-0.032901313	9.75135
1754209680	ACC	-0.014955142	-0.07058827	9.866206
1754209688	ACC	0.104087785	-0.047258247	9.81476
1754209697	ACC	0.104087785	0.06281159	9.813564
1754209705	ACC	0.23808585	0.019142581	9.796216
1754209713	ACC	-0.07238288	0.13998012	9.830912
1754209722	ACC	-0.17766708	0.101694964	9.835099
1754209730	ACC	-0.29252258	0.054436713	9.844072
1754209738	ACC	-0.29252258	-0.0035892338	9.811171
1754209747	ACC	-0.19680966	0.06819545	9.806385
1754209755	ACC	-0.08673982	0.053240303	9.807582
1754209763	ACC	0.0041874396	0.010767702	9.836894
1754209772	ACC	-0.029910283	0.096311115	9.788439
1754209780	ACC	-5.9820566E-4	0.096909314	9.850653
1754209788	ACC	0.29072794	-0.037686955	9.815957
1754209797	ACC	0.09451649	-0.032901313	9.790234
1754209805	ACC	-0.096311115	0.12083755	9.840483
1754209813	ACC	0.032303106	0.058624156	9.84168
1754209822	ACC	0.38165522	-0.05742774	9.8117695
1754209830	ACC	0.31944183	0.009571291	9.811171
1754209838	ACC	-0.024526432	0.058624156	9.855438
1754209847	ACC	-0.05383851	0.04366901	9.807582
1754209855	ACC	-0.16331014	0.08255238	9.8015995
1754209863	ACC	-0.2015953	0.07298109	9.806385
1754209872	ACC	-0.11545369	-0.0035892338	9.812367
1754209880	ACC	-0.22073789	0.06819545	9.830314
1754209888	ACC	-0.18723837	0.034695927	9.854242
1754209897	ACC	-0.039481573	-0.052043892	9.7704935
1754209905	ACC	-0.034097724	0.015553347	9.856036
1754209913	ACC	0.21894327	-0.13339986	9.806385
1754209922	ACC	0.15194423	-0.032303106	9.853045
1754209930	ACC	0.11365908	0.048454657	9.794421
1754209938	ACC	-0.096311115	0.07298109	9.859626
1754209947	ACC	-0.31166515	0.07776674	9.795618
1754209955	ACC	-0.36909288	0.029910283	9.800404
1754209963	ACC	-0.36909288	0.08255238	9.809975
1754209972	ACC	-0.38344982	0.030508488	9.843474
1754209980	ACC	-0.2015953	-0.12323037	9.80818
1754209988	ACC	-0.19202402	-0.07956135	9.860224
1754209997	ACC	0.0035892338	-0.12861422	9.73819
1754210005	ACC	-0.081954174	-0.0035892338	9.87458
1754210013	ACC	0.0041874396	-0.013160525	9.842278
1754210022	ACC	-0.025124637	0.04366901	9.803394
1754210030	ACC	-0.20638095	0.07776674	9.806385
1754210038	ACC	-0.3068795	0.111266255	9.838689
1754210047	ACC	-0.14416756	0.096311115	9.792028
1754210055	ACC	-0.3786642	0.15014961	9.847063
1754210063	ACC	-0.096311115	0.029910283	9.817153
1754210072	ACC	-0.17826529	0.07238288	9.758529
1754210080	ACC	0.19980069	0.08255238	9.905089
1754210088	ACC	0.12801601	0.07716853	9.794421
1754210097	ACC	0.022731815	0.005383851	9.7704935
1754210105	ACC	-0.27337998	0.212363	9.900304
1754210113	ACC	-0.096909314	0.06759724	9.75494
1754210122	ACC	-0.26859435	0.08733802	9.815358
1754210130	ACC	-0.21595225	0.106480606	9.844072
1754210138	ACC	-0.21595225	0.096909314	9.805787
1754210147	ACC	-0.17288144	0.0634098	9.859028
1754210155	ACC	0.046660043	-0.05682954	9.809377
1754210163	ACC	0.01794617	0.04366901	9.793823
1754210172	ACC	-0.36430725	0.034695927	9.819546
1754210180	ACC	-0.15373886	-0.09451649	9.817751
1754210188	ACC	-0.12502499	-0.1274178	9.9038925
1754210197	ACC	-0.42652065	0.039481573	9.795019
1754210205	ACC	-0.4456632	0.034695927	9.747761
1754210213	ACC	-0.23030917	-0.16091733	9.845867
1754210222	ACC	-0.029312078	-0.16091733	9.885947
1754210230	ACC	-0.46959144	-0.008374879	9.766904
1754210238	ACC	-0.2973082	0.039481573	9.810573
1754210247	ACC	-0.12502499	-0.0424726	9.789038
1754210255	ACC	-0.053240303	-0.046660043	9.8321085
1754210263	ACC	-0.081954174	-0.08973085	9.808778
1754210272	ACC	0.17168503	-0.16630118	9.887741
1754210280	ACC	-0.27337998	0.05383851	9.805787
1754210288	ACC	-0.30209386	0.034695927	9.810573
1754210297	ACC	-0.019740786	-0.23808585	9.809975
1754210305	ACC	-0.053240303	-0.25722843	9.819546
1754210313	ACC	-0.053240303	-0.28115666	9.820144
1754210322	ACC	0.08075777	-0.061016977	9.862019
1754210330	ACC	-0.0059820567	-0.046660043	9.81835
1754210338	ACC	-0.101694964	0.07238288	9.7501545
1754210347	ACC	-0.06819545	0.12023934	9.797412
1754210355	ACC	-5.9820566E-4	0.26919255	9.9015
1754210363	ACC	-0.19202402	0.3074777	9.862019
1754210372	ACC	0.18544376	0.23509483	9.822537
1754210380	ACC	0.20458634	0.17168503	9.713065
1754210388	ACC	0.15672988	0.19202402	9.865608
1754210397	ACC	-0.053240303	0.18305093	9.873384
1754210405	ACC	-0.034695927	0.062213387	9.741181
1754210413	ACC	-0.07776674	0.11545369	9.802198
1754210422	ACC	-5.9820566E-4	0.020937199	9.927821
1754210430	ACC	0.15672988	-0.1902294	9.839885
1754210438	ACC	0.02751746	-0.119042926	9.747761
1754210447	ACC	0.09930214	-0.09930214	9.84826
1754210455	ACC	-0.14416756	-0.008973085	9.783653
1754210463	ACC	0.037686955	-0.022731815	9.847063
1754210472	ACC	-0.13040884	0.04366901	9.745368
1754210480	ACC	0.028115666	0.011365907	9.908679
1754210488	ACC	-0.025124637	0.15373886	9.77827
1754210497	ACC	-0.34037903	0.16390835	9.818948
1754210505	ACC	-0.22073789	-0.05623133	9.826126
1754210513	ACC	-0.05802595	-0.07058827	9.827921
1754210522	ACC	0.061615184	-0.046660043	9.847662
1754210530	ACC	0.18065812	-0.08554341	9.801002
1754210539	ACC	0.31465617	-0.019142581	9.792028
1754210547	ACC	0.06580263	0.1058824	9.817751
1754210555	ACC	0.21894327	-0.05682954	9.820144
1754210563	ACC	-0.091525465	0.058624156	9.878768
1754210572	ACC	-0.096909314	-0.09032906	9.7609215
1754210580	ACC	-0.13459627	-0.060418773	9.87458
1754210589	ACC	-0.096311115	-0.07537391	9.812965
1754210597	ACC	-0.06759724	-0.09930214	9.813564
1754210605	ACC	-0.05383851	-0.0424726	9.798609
1754210614	ACC	-0.049052864	0.10109676	9.807582
1754210622	ACC	-0.029910283	-0.08554341	9.775279
1754210630	ACC	0.061016977	0.039481573	9.842278
1754210639	ACC	0.08075777	0.039481573	9.890134
1754210647	ACC	0.15194423	0.009571291	9.766904
1754210655	ACC	0.19980069	5.9820566E-4	9.838689
1754210664	ACC	0.24765715	0.019142581	9.762716
1754210672	ACC	0.20937198	0.029910283	9.876974
1754210680	ACC	-0.13519448	0.081954174	9.773484
1754210689	ACC	0.0849452	0.0059820567	9.856635
1754210697	ACC	0.18544376	0.014955142	9.805189
1754210705	ACC	0.21415763	0.11545369	9.828519
1754210714	ACC	0.051445685	0.06759724	9.817751
1754210722	ACC	0.13758731	0.06281159	9.832706
1754210730	ACC	0.0035892338	-0.08075777	9.790234
1754210739	ACC	-0.03888337	0.010767702	9.84168
1754210747	ACC	-0.0634098	0.014955142	9.784252
1754210755	ACC	0.11365908	0.0011964113	9.8524475
1754210764	ACC	0.061016977	0.014955142	9.81835
1754210772	ACC	0.008374879	-0.10887343	9.814162
1754210780	ACC	0.01794617	-0.052043892	9.795019
1754210789	ACC	-0.019740786	-0.0035892338	9.846465
1754210797	ACC	0.11844472	-0.037686955	9.83809
1754210805	ACC	0.09930214	-0.023330022	9.828519
1754210814	ACC	0.104087785	0.18245272	9.8219385
1754210822	ACC	0.19501504	0.09092726	9.799805
1754210830	ACC	0.21894327	0.10109676	9.823733
1754210839	ACC	0.13758731	0.23988047	9.8219385
1754210847	ACC	0.09451649	0.19202402	9.802796
1754210855	ACC	0.13280165	0.05802595	9.81835
1754210864	ACC	-0.010169496	-0.008374879	9.851251
1754210872	ACC	-0.081954174	-0.11365908	9.823135
1754210880	ACC	0.05623133	-0.11844472	9.843474
1754210889	ACC	0.03708875	-0.07597212	9.804591
1754210897	ACC	0.09451649	-0.0041874396	9.828519
1754210905	ACC	-0.020338992	0.005383851	9.80818
1754210914	ACC	0.03708875	0.15373886	9.8219385
1754210922	ACC	0.11844472	0.14416756	9.812965
1754210930	ACC	0.0849452	0.12981063	9.798609
1754210939	ACC	0.11365908	0.15373886	9.822537
1754210947	ACC	0.08015956	0.096311115	9.8321085
1754210955	ACC	0.01794617	0.03888337	9.822537
1754210964	ACC	-0.11066805	0.049052864	9.821341
1754210972	ACC	-0.16331014	-0.01794617	9.83151
1754210980	ACC	-0.32123643	-0.008374879	9.820144
1754210989	ACC	-0.48873404	-0.026919255	9.823733
1754210997	ACC	-0.5509474	-0.17527425	9.82493
1754211005	ACC	-0.43130627	-0.15134603	9.835099
1754211014	ACC	-0.4743771	-0.22791636	9.806385
1754211022	ACC	-0.3164508	-0.07537391	9.811171
1754211030	ACC	-0.25902304	-0.013160525	9.839885
1754211039	ACC	-0.08255238	0.08673982	9.797412
1754211047	ACC	-0.07238288	0.049052864	9.850653
1754211055	ACC	-0.13459627	0.24466611	9.796216
1754211064	ACC	-0.14895321	0.26919255	9.829117
1754211072	ACC	-0.0634098	0.096311115	9.788439
1754211080	ACC	0.037686955	0.14476576	9.87458
1754211089	ACC	-0.23509483	0.025124637	9.796814
1754211097	ACC	-0.24466611	-0.089132644	9.845269
1754211105	ACC	-0.33559337	-0.08015956	9.782457
1754211114	ACC	-0.13938192	-0.24227329	9.8524475
1754211122	ACC	-0.034097724	-0.18544376	9.824331
1754211130	ACC	-0.020338992	-0.09990034	9.799805
1754211139	ACC	-0.03888337	0.106480606	9.835697
1754211147	ACC	0.06580263	0.23509483	9.821341
1754211155	ACC	0.23808585	0.24885355	9.803394
1754211164	ACC	0.1902294	0.30209386	9.826724
1754211172	ACC	0.14237295	0.17288144	9.822537
1754211180	ACC	-0.053240303	0.049052864	9.83151
1754211189	ACC	0.01794617	0.024526432	9.822537
1754211197	ACC	-0.23988047	0.0634098	9.82493
1754211205	ACC	-0.2973082	-0.017347964	9.835099
1754211214	ACC	-0.32123643	0.04426722	9.815358
1754211222	ACC	-0.43130627	0.14476576	9.78485
1754211230	ACC	-0.19680966	0.17347965	9.853045
1754211239	ACC	0.0035892338	0.014955142	9.775279
1754211247	ACC	0.30987054	-0.05682954	9.830314
1754211255	ACC	0.36251262	-0.09571291	9.807582
1754211264	ACC	0.506082	-0.047856454	9.84168
1754211272	ACC	0.587438	-0.06699903	9.827921
1754211280	ACC	0.28115666	0.038285162	9.805787
1754211289	ACC	0.22372891	-0.01375873	9.834501
1754211297	ACC	0.23808585	0.12023934	9.814162
1754211306	ACC	0.022731815	0.081954174	9.812965
1754211314	ACC	-0.010767702	0.11066805	9.812367
1754211322	ACC	-0.03888337	0.06819545	9.83151
1754211331	ACC	-0.015553347	0.05802595	9.803394
1754211339	ACC	-0.12023934	0.07776674	9.840483
1754211347	ACC	-0.28295127	0.04426722	9.820144
1754211356	ACC	-0.28773692	-0.012562319	9.84467
1754211364	ACC	-0.3595216	0.05383851	9.800404
1754211372	ACC	-0.3260221	-0.008374879	9.82493
1754211381	ACC	-0.33559337	-0.0035892338	9.815358
1754211389	ACC	-0.05802595	-0.046660043	9.846465
1754211397	ACC	-0.010767702	0.010169496	9.803394
1754211406	ACC	-0.23030917	-0.061016977	9.816555
1754211414	ACC	-0.06281159	-0.02751746	9.846465
1754211422	ACC	0.15672988	-0.018544376	9.838689
1754211431	ACC	0.13758731	-0.047258247	9.819546
1754211439	ACC	0.23330021	0.053240303	9.809975
1754211447	ACC	0.104087785	0.15373886	9.798609
1754211456	ACC	0.09451649	0.091525465	9.808778
1754211464	ACC	0.2428715	5.9820566E-4	9.810573
1754211472	ACC	-0.053240303	0.04426722	9.826724
1754211481	ACC	-0.22073789	0.034695927	9.839885
1754211489	ACC	-0.3595216	-0.026919255	9.820144
1754211497	ACC	-0.36909288	-0.02213361	9.820144
1754211506	ACC	-0.34516466	-0.0077766734	9.834501
1754211514	ACC	-0.4408776	-0.026919255	9.833903
1754211522	ACC	-0.35473597	-0.07537391	9.777672
1754211531	ACC	-0.005383851	-0.061016977	9.856635
1754211539	ACC	0.061016977	-0.1381855	9.757333
1754211547	ACC	0.12861422	-0.13758731	9.8727865
1754211556	ACC	0.05623133	-0.08075777	9.814162
1754211564	ACC	-0.1058824	-0.05623133	9.827323
1754211572	ACC	-0.11066805	-0.046660043	9.817751
1754211581	ACC	-0.1058824	0.05383851	9.806984
1754211589	ACC	-0.1160519	0.08673982	9.792626
1754211597	ACC	-0.1585245	0.1591227	9.868001
1754211606	ACC	-0.049052864	0.18245272	9.825528
1754211614	ACC	-0.0011964113	0.15373886	9.830912
1754211622	ACC	-0.039481573	0.17766708	9.763913
1754211631	ACC	0.20937198	0.12023934	9.861421
1754211639	ACC	0.30029923	0.07178468	9.815358
1754211647	ACC	0.20937198	-0.019142581	9.786645
1754211656	ACC	0.09451649	-0.066400826	9.809975
1754211664	ACC	0.02751746	-0.022731815	9.837492
1754211672	ACC	-0.2111666	-0.09451649	9.807582
1754211681	ACC	-0.19680966	0.06819545	9.849456
1754211689	ACC	-0.1680958	0.13040884	9.815957
1754211697	ACC	-0.08255238	0.13938192	9.802198
1754211706	ACC	-0.020338992	0.12981063	9.826126
1754211714	ACC	-0.12502499	0.12562318	9.811171
1754211722	ACC	-0.034097724	0.13040884	9.859626
1754211731	ACC	0.03708875	0.024526432	9.803992
1754211739	ACC	-0.0059820567	-0.08015956	9.827921
1754211747	ACC	-0.22073789	-0.21415763	9.812965
1754211756	ACC	-0.57009	-0.2847459	9.830314
1754211764	ACC	-0.5509474	-0.21834506	9.815358
1754211772	ACC	-0.36430725	-0.25184458	9.793225
1754211781	ACC	-0.43130627	-0.25663024	9.850055
1754211789	ACC	-0.2542374	-0.18544376	9.812965
1754211797	ACC	-0.07716853	-0.20937198	9.8428755
1754211806	ACC	-0.21655045	0.05802595	9.758529
1754211814	ACC	-0.19202402	0.044865426	9.902099
1754211822	ACC	-0.36430725	0.13040884	9.799805
1754211831	ACC	-0.2111666	0.38404804	9.856036
1754211839	ACC	-0.2111666	0.4121637	9.817751
1754211847	ACC	-0.27337998	0.30209386	9.780065
1754211856	ACC	-0.18245272	0.45583272	9.846465
1754211864	ACC	0.12801601	0.24466611	9.812367
1754211872	ACC	-0.010767702	0.17766708	9.8117695
1754211881	ACC	0.18065812	-0.008973085	9.805189
1754211889	ACC	-0.010767702	-0.0951147	9.804591
1754211897	ACC	0.051445685	-0.104087785	9.829117
1754211906	ACC	-0.22073789	-0.104087785	9.836296
1754211914	ACC	-0.14895321	-0.28594232	9.818948
1754211922	ACC	0.008374879	-0.22851457	9.815358
1754211931	ACC	0.07058827	-0.037686955	9.828519
1754211939	ACC	0.051445685	-0.0041874396	9.813564
1754211947	ACC	0.09930214	0.096311115	9.851251
1754211956	ACC	0.23808585	0.096311115	9.823733
1754211964	ACC	0.032303106	0.034097724	9.808778
1754211972	ACC	-0.048454657	0.18783657	9.868599
1754211981	ACC	-0.25004998	0.14895321	9.753145
1754211989	ACC	-0.2542374	0.106480606	9.805787
1754211997	ACC	-0.22073789	-0.11306087	9.860224
1754212006	ACC	-0.12562318	-0.1477568	9.765707
1754212014	ACC	-0.14416756	-0.232702	9.847662
1754212022	ACC	-0.091525465	-0.36729828	9.834501
1754212031	ACC	0.08015956	-0.4438686	9.83151
1754212039	ACC	0.30029923	-0.4971089	9.776475
1754212047	ACC	0.16151553	-0.424726	9.827323
1754212056	ACC	0.08015956	-0.22432712	9.758529
1754212064	ACC	0.066400826	0.18305093	9.921839
1754212072	ACC	-0.0059820567	0.4648058	9.799805
1754212081	ACC	-0.101694964	0.6418747	9.845269
1754212089	ACC	-0.19740787	0.6466603	9.792028
1754212097	ACC	-0.07298109	0.4743771	9.813564
1754212106	ACC	-0.27337998	0.25004998	9.809377
1754212114	ACC	-0.27816564	0.1160519	9.795618
1754212122	ACC	-0.31166515	0.0065802624	9.844072
1754212131	ACC	-0.43130627	-0.21355942	9.845269
1754212139	ACC	-0.23988047	-0.40977088	9.819546
1754212148	ACC	-0.13459627	-0.4671986	9.859028
1754212156	ACC	-0.33080772	-0.5772685	9.79143
1754212164	ACC	-0.3595216	-0.22313072	9.812367
1754212173	ACC	-0.23988047	0.20697916	9.866804
1754212181	ACC	-0.2638087	0.3499503	9.789038
1754212189	ACC	-0.07776674	0.40737805	9.785448
1754212198	ACC	-0.0011964113	0.48933223	9.876375
1754212206	ACC	0.0849452	0.48394838	9.819546
1754212214	ACC	-0.029910283	0.46002015	9.799805
1754212223	ACC	-0.18305093	0.32123643	9.790234
1754212231	ACC	-0.22073789	0.039481573	9.849456
1754212239	ACC	-0.34037903	-0.051445685	9.7681
1754212248	ACC	-0.3260221	-0.15134603	9.821341
1754212256	ACC	-0.3786642	-0.2757728	9.802796
1754212264	ACC	-0.24945176	-0.2757728	9.861421
1754212273	ACC	-0.24466611	-0.022731815	9.773484
1754212281	ACC	-0.06281159	0.16869399	9.87817
1754212289	ACC	-0.11545369	0.3499503	9.833304
1754212298	ACC	-0.18783657	0.44027936	9.741779
1754212306	ACC	-0.13938192	0.45583272	9.875179
1754212314	ACC	-0.12083755	0.33499518	9.752547
1754212323	ACC	-0.11066805	0.18843478	9.939785
1754212331	ACC	-0.101694964	0.07716853	9.749556
1754212339	ACC	-0.12562318	-0.08075777	9.745967
1754212348	ACC	0.051445685	-0.09930214	9.83809
1754212356	ACC	0.0035892338	-0.17168503	9.800404
1754212364	ACC	-0.034097724	-0.06580263	9.823135
1754212373	ACC	-0.0011964113	0.07298109	9.841082
1754212381	ACC	-0.091525465	0.0011964113	9.850653
1754212389	ACC	-0.2542374	0.17347965	9.838689
1754212398	ACC	-0.20697916	0.2111666	9.766904
1754212406	ACC	-0.13938192	0.1160519	9.839885
1754212414	ACC	-0.096311115	-0.02751746	9.822537
1754212423	ACC	-0.04366901	0.0017946169	9.903295
1754212431	ACC	0.1471586	-0.05682954	9.7908325
1754212439	ACC	0.11365908	0.029312078	9.780663
1754212448	ACC	0.08015956	0.010169496	9.827921
1754212456	ACC	-0.034695927	-0.023330022	9.793823
1754212464	ACC	-0.005383851	-0.06580263	9.837492
1754212473	ACC	-0.024526432	-0.12263216	9.881161
1754212481	ACC	-0.10109676	-0.10887343	9.846465
1754212489	ACC	-0.019740786	-0.041874398	9.842278
1754212498	ACC	0.0849452	-0.071186475	9.81476
1754212506	ACC	0.37686956	-0.11006984	9.764511
1754212514	ACC	0.43429732	-0.08554341	9.855438
1754212523	ACC	0.07058827	0.03888337	9.799207
1754212531	ACC	0.22851457	-0.01375873	9.858429
1754212539	ACC	0.08973085	-0.009571291	9.756734
1754212548	ACC	-0.081954174	0.07776674	9.830912
1754212556	ACC	-0.029312078	-0.0035892338	9.865608
1754212564	ACC	-0.18305093	-0.16211374	9.736994
1754212573	ACC	0.07058827	-0.18604197	9.79143
1754212581	ACC	0.10468599	-0.27098715	9.930812
1754212589	ACC	0.23330021	-0.25244278	9.855438
1754212598	ACC	0.13280165	-0.18604197	9.796814
1754212606	ACC	0.08554341	-0.104087785	9.872188
1754212614	ACC	0.1902294	0.02871387	9.786046
1754212623	ACC	0.19501504	0.09571291	9.766306
1754212631	ACC	0.16630118	0.047856454	9.723833
1754212639	ACC	0.11365908	0.17766708	9.845867
1754212648	ACC	0.16630118	0.11545369	9.866206
1754212656	ACC	0.041874398	0.05802595	9.822537
1754212664	ACC	-0.1058824	0.1058824	9.806984
1754212673	ACC	-0.091525465	0.07298109	9.8117695
1754212681	ACC	-0.0059820567	0.15373886	9.826126
1754212689	ACC	0.1477568	0.12083755	9.899107
1754212698	ACC	0.06580263	0.12502499	9.836894
1754212706	ACC	0.23330021	-0.0041874396	9.805787
1754212714	ACC	0.22851457	0.02871387	9.7908325
1754212723	ACC	0.2428715	0.014955142	9.805787
1754212731	ACC	0.17108682	0.034097724	9.799805
1754212739	ACC	0.3481557	-0.0424726	9.85484
1754212748	ACC	0.26679972	0.005383851	9.839287
1754212756	ACC	0.41994038	-0.062213387	9.812367
1754212764	ACC	0.38644084	0.02871387	9.820743
1754212773	ACC	0.18065812	0.05802595	9.814162
1754212781	ACC	0.276371	0.023928227	9.801002
1754212789	ACC	0.31465617	5.9820566E-4	9.825528
1754212798	ACC	0.29072794	-0.019142581	9.806385
1754212806	ACC	0.08973085	0.03888337	9.827921
1754212814	ACC	-0.029910283	0.010169496	9.817751
1754212823	ACC	0.022731815	0.0011964113	9.832706
1754212831	ACC	-0.06281159	0.020338992	9.8219385
1754212839	ACC	-0.05802595	0.025124637	9.826724
1754212848	ACC	0.03708875	0.024526432	9.823135
1754212856	ACC	0.0035892338	0.034695927	9.827323
1754212864	ACC	0.008374879	0.024526432	9.812965
1754212873	ACC	0.03708875	0.014955142	9.808778
1754212881	ACC	-0.039481573	0.010169496	9.812965
1754212889	ACC	-0.058624156	0.010767702	9.817751
1754212898	ACC	-0.06819545	0.020338992	9.812367
1754212906	ACC	-0.06819545	0.020338992	9.8219385
1754212914	ACC	-0.2015953	0.039481573	9.825528
1754212923	ACC	-0.47916272	0.04007978	9.818948
1754212931	ACC	-0.50787663	0.030508488	9.847063
1754212939	ACC	-0.51266223	0.054436713	9.823135
1754212948	ACC	-0.46002015	0.025722843	9.814162
1754212956	ACC	-0.57487565	0.068793654	9.836894
1754212965	ACC	-0.43609193	0.0735793	9.814162
1754212973	ACC	-0.43609193	0.030508488	9.847662
1754212981	ACC	-0.421735	0.0011964113	9.795618
1754212989	ACC	-0.50787663	0.04007978	9.866206
1754212998	ACC	-0.43609193	0.039481573	9.795019
1754213006	ACC	-0.3595216	0.035294134	9.857831
1754213015	ACC	-0.14955142	-0.0041874396	9.774082
1754213023	ACC	-0.106480606	0.0059820567	9.802796
1754213031	ACC	0.07537391	-0.08973085	9.833903
1754213040	ACC	-0.0059820567	0.034097724	9.779466
1754213048	ACC	-0.04366901	-0.0035892338	9.870394
1754213056	ACC	-0.12981063	-0.026919255	9.898509
1754213065	ACC	-0.30269206	0.024526432	9.705887
1754213073	ACC	-0.010767702	0.091525465	9.8219385
1754213081	ACC	-0.096311115	0.0634098	9.826126
1754213090	ACC	-0.06281159	0.020937199	9.922438
1754213098	ACC	-0.1591227	-0.037686955	9.75494
1754213106	ACC	0.051445685	-0.032901313	9.766306
1754213115	ACC	-0.034097724	-0.09451649	9.837492
1754213123	ACC	-5.9820566E-4	-0.18005991	9.88176
1754213131	ACC	0.0035892338	-0.19561325	9.743574
1754213140	ACC	0.12861422	-0.10887343	9.900902
1754213148	ACC	0.10887343	-0.08075777	9.776475
1754213156	ACC	0.10887343	-0.0041874396	9.780663
1754213165	ACC	0.07058827	0.16331014	9.788439
1754213173	ACC	0.061615184	0.21655045	9.912268
1754213181	ACC	-0.0634098	0.13938192	9.8117695
1754213190	ACC	-0.17826529	0.10109676	9.777672
1754213198	ACC	-0.27337998	0.1160519	9.81476
1754213206	ACC	-0.3068795	0.14955142	9.809377
1754213215	ACC	-0.096311115	0.030508488	9.907482
1754213223	ACC	-0.13519448	0.03888337	9.783055
1754213231	ACC	0.008374879	-0.0424726	9.780065
1754213240	ACC	0.03708875	-0.037686955	9.804591
1754213248	ACC	0.05682954	0.0065802624	9.9140625
1754213256	ACC	0.08015956	0.05742774	9.693923
1754213265	ACC	0.08015956	0.010767702	9.861421
1754213273	ACC	-0.07238288	0.015553347	9.841082
1754213281	ACC	-0.029910283	0.039481573	9.8321085
1754213290	ACC	0.0041874396	0.06819545	9.888938
1754213298	ACC	0.13280165	0.034097724	9.828519
1754213306	ACC	0.31944183	0.019740786	9.844072
1754213315	ACC	0.48155555	0.051445685	9.687941
1754213323	ACC	0.3290131	0.08673982	9.834501
1754213331	ACC	0.052043892	-0.0317049	9.942777
1754213340	ACC	-0.23569304	0.086141616	9.686745
1754213348	ACC	-0.35473597	-0.069391854	9.896714
1754213356	ACC	-0.23509483	-0.060418773	9.864411
1754213365	ACC	-0.25902304	0.029910283	9.8015995
1754213373	ACC	-0.24526432	0.053240303	9.739387
1754213381	ACC	-0.18723837	-0.022731815	9.845269
1754213390	ACC	-0.12502499	0.14476576	9.863813
1754213398	ACC	-0.13459627	0.13040884	9.820743
1754213406	ACC	-0.029910283	0.11066805	9.8219385
1754213415	ACC	-0.08733802	0.07716853	9.745368
1754213423	ACC	-0.18245272	0.034695927	9.840483
1754213431	ACC	-0.24466611	-0.013160525	9.835099
1754213440	ACC	-0.3068795	-0.026919255	9.859028
1754213448	ACC	-0.42652065	-0.07058827	9.757931
1754213456	ACC	-0.43609193	-0.09451649	9.762716
1754213465	ACC	-0.5940182	0.0023928226	9.875179
1754213473	ACC	-0.4648058	0.0071784677	9.924232
1754213481	ACC	-0.4552345	0.04965107	9.857233
1754213490	ACC	-0.3074777	-0.018544376	9.725029
1754213498	ACC	-0.37387854	0.064008005	9.833903
1754213506	ACC	-0.28773692	-0.02751746	9.787243
1754213515	ACC	-0.16331014	0.0011964113	9.826126
1754213523	ACC	-0.06759724	0.010767702	9.826724
1754213531	ACC	0.032303106	-0.104087785	9.83809
1754213540	ACC	-0.0059820567	-0.08973085	9.823733
1754213548	ACC	0.01794617	0.1585245	9.774082
1754213556	ACC	-0.07776674	0.17766708	9.806385
1754213565	ACC	0.12801601	0.22552353	9.845867
1754213573	ACC	-0.0011964113	0.24945176	9.825528
1754213581	ACC	0.104087785	0.11545369	9.846465
1754213590	ACC	0.17587246	0.096311115	9.851849
1754213598	ACC	0.1902294	-0.0047856453	9.752547
1754213606	ACC	0.09451649	-0.05682954	9.7812605
1754213615	ACC	-0.03888337	-0.11365908	9.856635
1754213623	ACC	0.0041874396	0.025124637	9.899107
1754213631	ACC	0.08015956	-5.9820566E-4	9.665807
1754213640	ACC	0.09930214	0.014955142	9.828519
1754213648	ACC	-0.014955142	0.08733802	9.865009
1754213656	ACC	-0.010767702	0.1058824	9.826724
1754213665	ACC	-0.029910283	-0.08554341	9.771091
1754213673	ACC	0.104087785	-0.07537391	9.843474
1754213681	ACC	0.061615184	-0.0077766734	9.93799
1754213690	ACC	0.05623133	-0.09092726	9.70469
1754213698	ACC	0.08973085	-0.061016977	9.8524475
1754213706	ACC	0.21894327	-0.066400826	9.848858
1754213715	ACC	0.19501504	0.029312078	9.843474
1754213723	ACC	0.30029923	0.21475583	9.713663
1754213731	ACC	0.49651068	0.17228323	9.839885
1754213740	ACC	0.31465617	0.2015953	9.857233
1754213748	ACC	0.18544376	0.17228323	9.78485
1754213756	ACC	-0.05802595	0.111266255	9.869197
1754213765	ACC	-0.36909288	-0.01794617	9.738789
1754213773	ACC	-0.39780676	-0.03589234	9.920045
1754213781	ACC	-0.3260221	-0.14656039	9.8117695
1754213790	ACC	-0.16331014	-0.061016977	9.850653
1754213798	ACC	-0.09212367	-0.16689938	9.713663
1754213806	ACC	0.028115666	-0.046061836	9.904491
1754213815	ACC	0.08015956	5.9820566E-4	9.814162
1754213823	ACC	0.30508488	0.21954148	9.713663
1754213831	ACC	0.45822555	0.2111666	9.896116
1754213840	ACC	0.47198427	0.32961133	9.733404
1754213848	ACC	0.46779683	0.22013968	9.815358
1754213857	ACC	0.31944183	0.014955142	9.820743
1754213865	ACC	0.07597212	-0.0035892338	9.909277
1754213873	ACC	0.05623133	0.053240303	9.81835
1754213882	ACC	0.10887343	-0.0041874396	9.775877
1754213890	ACC	0.17587246	-0.0035892338	9.896116
1754213898	ACC	0.09930214	0.043070808	9.742377
1754213907	ACC	0.041874398	0.08255238	9.856036
1754213915	ACC	0.10887343	0.14895321	9.836894
1754213923	ACC	0.08015956	0.11485548	9.760324
1754213932	ACC	0.061615184	0.09212367	9.879965
1754213940	ACC	0.11365908	0.07238288	9.813564
1754213948	ACC	-0.049052864	0.04366901	9.807582
1754213957	ACC	-0.13459627	-0.0035892338	9.841082
1754213965	ACC	-0.3930211	-0.055633128	9.820144
1754213973	ACC	-0.42652065	-0.15613168	9.820743
1754213982	ACC	-0.4648058	-0.18005991	9.796814
1754213990	ACC	-0.4552345	-0.098703936	9.801002
1754213998	ACC	-0.34516466	-0.11246266	9.940384
1754214007	ACC	-0.21655045	0.096311115	9.734601
1754214015	ACC	-0.0059820567	0.1160519	9.860224
1754214023	ACC	-0.14416756	0.15433706	9.820743
1754214032	ACC	-0.25004998	0.11545369	9.74836
1754214040	ACC	-0.15373886	-0.18005991	9.870992
1754214048	ACC	-0.20638095	-0.21894327	9.808778
1754214057	ACC	-0.17288144	-0.40917268	9.900902
1754214065	ACC	1.7874385	-1.1126626	9.683753
1754214073	ACC	-0.8279166	-0.08315059	9.912268
1754214082	ACC	-0.20638095	-0.2853441	9.842278
1754214101	ACC	-0.32662028	-0.18125631	9.668798
1754214109	ACC	-0.28414768	-0.093918286	9.87817
1754214117	ACC	-0.09571291	0.10767702	10.089935
1754214125	ACC	0.11425728	0.45942193	9.817153
1754214134	ACC	0.39182472	0.7190432	9.877572
1754214142	ACC	0.46899325	0.8386843	9.800404
1754214150	ACC	0.39182472	0.6999006	9.84826
1754214159	ACC	0.23509483	0.52582276	9.8321085
1754214167	ACC	0.1369891	0.2883351	9.806385
1754214175	ACC	0.04426722	0.22253251	9.84467
1754214184	ACC	0.013160525	0.11006984	9.827921
1754214192	ACC	0.06520442	0.15613168	9.823135
1754214200	ACC	0.06999006	0.20398813	9.820743
1754214209	ACC	0.09750752	0.19381863	9.838689
1754214217	ACC	0.16271193	0.34157544	9.839287
1754214225	ACC	0.13280165	0.25603202	9.809377
1754214234	ACC	-0.029910283	0.061016977	9.809377
1754214242	ACC	-0.04546363	0.04546363	9.824331
1754214250	ACC	-0.041874398	0.03589234	9.822537
1754214259	ACC	-0.036490545	0.039481573	9.83151
1754214267	ACC	-0.04546363	0.029910283	9.812367
1754214275	ACC	-0.03708875	0.041874398	9.820743
1754214284	ACC	-0.049052864	0.02871387	9.822537
1754214292	ACC	-0.033499517	0.04007978	9.817153
1754214300	ACC	-0.046660043	0.04007978	9.824331
1754214309	ACC	-0.05623133	0.02751746	9.822537
1754214317	ACC	-0.17108682	-0.11784652	9.827921
1754214325	ACC	-0.276371	-0.2943172	9.826724
1754214334	ACC	-0.23569304	-0.23688944	9.869795
1754214342	ACC	-0.05623133	0.05742774	9.814162
1754214350	ACC	0.13519448	0.24646074	9.826126
1754214359	ACC	0.18843478	0.34576288	9.8117695
1754214367	ACC	0.15314065	0.29970104	9.810573
1754214375	ACC	-0.020937199	0.064008005	9.812965
1754214384	ACC	-0.038285162	0.03888337	9.820144
1754214392	ACC	-0.046061836	0.03888337	9.820743
1754214400	ACC	-0.053240303	0.047258247	9.817751
1754214409	ACC	-0.029312078	0.04965107	9.804591
1754214417	ACC	-0.04965107	0.039481573	9.825528
1754214425	ACC	-0.052043892	0.039481573	9.817751
1754214434	ACC	-0.06759724	0.04127619	9.814162
1754214442	ACC	-0.04366901	0.03589234	9.815358
1754214450	ACC	-0.040677983	0.032303106	9.818948
1754214459	ACC	-0.04965107	0.0424726	9.821341
1754214467	ACC	-0.034097724	0.050249275	9.830314
1754214475	ACC	-0.04127619	0.050847482	9.809975
1754214484	ACC	-0.039481573	0.044865426	9.825528
1754214492	ACC	-0.04546363	0.043070808	9.81835
1754214501	ACC	-0.046061836	0.039481573	9.8219385
1754214509	ACC	-0.043070808	0.041874398	9.821341
1754214517	ACC	-0.04546363	0.046660043	9.823135
1754214526	ACC	-0.04366901	0.04127619	9.823135
1754214534	ACC	-0.038285162	0.04366901	9.821341
1754214542	ACC	-0.040677983	0.034695927	9.822537
1754214551	ACC	-0.050249275	0.04546363	9.817751
1754214559	ACC	-0.048454657	0.044865426	9.818948
1754214567	ACC	-0.038285162	0.048454657	9.81835
1754214576	ACC	-0.04546363	0.041874398	9.819546
1754214584	ACC	-0.041874398	0.040677983	9.825528
1754214592	ACC	-0.04965107	0.04007978	9.812965
1754214601	ACC	-0.038285162	0.0424726	9.815957
1754214609	ACC	-0.052043892	0.03888337	9.815358
1754214617	ACC	-0.047856454	0.043070808	9.824331
1754214626	ACC	-0.046660043	0.034097724	9.823135
1754214634	ACC	-0.04366901	0.032303106	9.8219385
1754214642	ACC	-0.047856454	0.040677983	9.81835
1754214651	ACC	-0.038285162	0.0424726	9.825528
1754214659	ACC	-0.04366901	0.04127619	9.830912
1754214667	ACC	-0.052043892	0.04366901	9.81835
1754214676	ACC	-0.040677983	0.034097724	9.815957
1754214684	ACC	-0.04546363	0.039481573	9.8117695
1754214692	ACC	-0.0424726	0.04426722	9.816555
1754214701	ACC	-0.047258247	0.032901313	9.827921
1754214709	ACC	-0.050249275	0.0317049	9.823733
1754214717	ACC	-0.048454657	0.043070808	9.816555
1754214726	ACC	-0.043070808	0.0424726	9.827323
1754214734	ACC	-0.0424726	0.041874398	9.826126
1754214742	ACC	-0.04366901	0.047258247	9.817751
1754214751	ACC	-0.03888337	0.046061836	9.824331
1754214759	ACC	-0.047258247	0.03589234	9.81835
1754214767	ACC	-0.04007978	0.03708875	9.81835
1754214776	ACC	-0.04366901	0.03589234	9.816555
1754214784	ACC	-0.04007978	0.034097724	9.812367
1754214792	ACC	-0.046660043	0.03888337	9.819546
1754214801	ACC	-0.04965107	0.043070808	9.816555
1754214809	ACC	-0.040677983	0.044865426	9.815957
1754214817	ACC	-0.0424726	0.04426722	9.826126
1754214826	ACC	-0.051445685	0.036490545	9.827323
1754214834	ACC	-0.0424726	0.040677983	9.818948
1754214842	ACC	-0.047856454	0.048454657	9.821341
1754214851	ACC	-0.046061836	0.0424726	9.816555
1754214859	ACC	-0.039481573	0.04426722	9.815957
1754214867	ACC	-0.054436713	0.0424726	9.820144
1754214876	ACC	-0.0424726	0.041874398	9.83151
1754214884	ACC	-0.04965107	0.040677983	9.823135
1754214892	ACC	-0.044865426	0.035294134	9.823733
1754214901	ACC	-0.043070808	0.0424726	9.822537
1754214909	ACC	-0.052043892	0.071186475	9.83809
1754214917	ACC	-0.050249275	0.015553347	9.833903
1754214926	ACC	-0.020338992	0.03708875	9.7908325
1754214934	ACC	-0.009571291	0.11485548	9.776475
1754214942	ACC	-0.05742774	0.032901313	9.834501
1754214951	ACC	-0.058624156	0.019142581	9.810573
1754214959	ACC	-0.044865426	0.009571291	9.848858
