1754228212	ACC	0.022731815	0.010767702	9.813564
1754228221	ACC	0.01794617	0.0059820567	9.813564
1754228229	ACC	0.01794617	0.0011964113	9.813564
1754228237	ACC	0.01794617	0.0011964113	9.81835
1754228246	ACC	0.01794617	-0.01794617	9.832706
1754228254	ACC	0.01794617	-0.013160525	9.81835
1754228262	ACC	0.01794617	-0.01794617	9.81835
1754228271	ACC	0.013160525	-0.01794617	9.827921
1754228279	ACC	0.013160525	-0.008973085	9.803992
1754228287	ACC	0.01794617	0.0059820567	9.823135
1754228296	ACC	0.008374879	0.015553347	9.84168
1754228304	ACC	0.01794617	0.015553347	9.827921
1754228312	ACC	0.013160525	0.020338992	9.817751
1754228321	ACC	0.01794617	0.015553347	9.827921
1754228329	ACC	0.01794617	0.0011964113	9.827921
1754228337	ACC	0.013160525	-0.008374879	9.823135
1754228346	ACC	0.01794617	-0.013160525	9.81835
1754228354	ACC	0.01794617	-0.013160525	9.808778
1754228362	ACC	0.013160525	-0.013160525	9.81835
1754228371	ACC	0.01794617	0.0011964113	9.81835
1754228379	ACC	0.013160525	0.0011964113	9.827921
1754228387	ACC	0.01794617	0.0011964113	9.827921
1754228396	ACC	0.022731815	0.010169496	9.808778
1754228404	ACC	0.013160525	0.010169496	9.78485
1754228412	ACC	0.013160525	0.0011964113	9.832706
1754228421	ACC	0.01794617	-0.0035892338	9.861421
1754228429	ACC	0.013160525	5.9820566E-4	9.803992
1754228437	ACC	0.013160525	-0.008374879	9.813564
1754228446	ACC	0.008374879	-0.01794617	9.81835
1754228454	ACC	0.008374879	-0.022731815	9.808778
1754228462	ACC	0.01794617	-0.013160525	9.81835
1754228471	ACC	0.01794617	0.0059820567	9.813564
1754228479	ACC	0.013160525	0.0059820567	9.832706
1754228487	ACC	0.013160525	0.005383851	9.803992
1754228496	ACC	0.022731815	0.024526432	9.775279
1754228504	ACC	0.008374879	0.0059820567	9.827921
1754228512	ACC	0.013160525	5.9820566E-4	9.803992
1754228521	ACC	0.013160525	0.0011964113	9.827921
1754228529	ACC	0.01794617	-0.008973085	9.765707
1754228537	ACC	0.01794617	-0.013160525	9.808778
1754228546	ACC	0.008374879	-0.022731815	9.851849
1754228554	ACC	0.013160525	-0.01794617	9.823135
1754228562	ACC	0.022731815	-0.01375873	9.803992
1754228571	ACC	0.008374879	-0.013160525	9.827921
1754228579	ACC	0.0035892338	0.0011964113	9.832706
1754228587	ACC	0.013160525	0.0011964113	9.832706
1754228596	ACC	0.013160525	0.010767702	9.81835
1754228604	ACC	0.013160525	-0.0035892338	9.823135
1754228612	ACC	0.013160525	-0.0035892338	9.813564
1754228621	ACC	0.013160525	-0.013160525	9.832706
1754228629	ACC	0.0035892338	-0.022731815	9.827921
1754228637	ACC	0.008374879	-0.022731815	9.81835
1754228646	ACC	0.008374879	-0.022731815	9.823135
1754228654	ACC	0.013160525	-0.01794617	9.827921
1754228662	ACC	0.013160525	-0.0035892338	9.81835
1754228671	ACC	0.013160525	0.0059820567	9.832706
1754228679	ACC	0.008374879	0.015553347	9.822537
1754228687	ACC	0.013160525	0.0059820567	9.832706
1754228696	ACC	0.008374879	0.0059820567	9.823135
1754228704	ACC	0.0035892338	0.0011964113	9.827921
1754228712	ACC	0.013160525	-0.008374879	9.823135
1754228721	ACC	0.008374879	-0.008374879	9.823135
1754228729	ACC	0.013160525	-0.013160525	9.81835
1754228737	ACC	0.013160525	-0.01794617	9.823135
1754228746	ACC	0.0035892338	-0.013160525	9.81835
1754228754	ACC	0.013160525	0.0011964113	9.81835
1754228762	ACC	0.0035892338	-0.0035892338	9.823135
1754228771	ACC	0.008374879	-0.0035892338	9.823135
1754228779	ACC	0.013160525	-0.0035892338	9.81835
1754228787	ACC	0.008374879	0.0011964113	9.81835
1754228796	ACC	0.0035892338	-0.013160525	9.813564
1754228804	ACC	0.008374879	-0.013160525	9.81835
1754228813	ACC	0.008374879	-0.013160525	9.81835
1754228821	ACC	0.013160525	-0.008973085	9.808778
1754228829	ACC	0.01794617	-0.013160525	9.813564
1754228838	ACC	0.008374879	-0.013160525	9.823135
1754228846	ACC	0.01794617	-0.013160525	9.827921
1754228854	ACC	0.008374879	-0.008374879	9.827921
1754228863	ACC	0.008374879	-0.008374879	9.81835
1754228871	ACC	0.008374879	-0.0035892338	9.827921
1754228879	ACC	0.013160525	0.0011964113	9.832706
1754228888	ACC	0.013160525	-0.008374879	9.832706
1754228896	ACC	0.008374879	-0.008374879	9.823135
1754228904	ACC	0.01794617	-0.008374879	9.823135
1754228913	ACC	0.008374879	-0.013160525	9.823135
1754228921	ACC	0.008374879	-0.01794617	9.813564
1754228929	ACC	0.0035892338	-0.013160525	9.81835
1754228938	ACC	0.008374879	-0.013160525	9.823135
1754228946	ACC	0.013160525	-0.008374879	9.823135
1754228954	ACC	0.01794617	-0.013160525	9.813564
1754228963	ACC	-0.034695927	-0.013160525	9.803394
1754228971	ACC	0.008374879	0.020338992	9.8321085
1754228979	ACC	0.09451649	0.015553347	9.875777
1754228988	ACC	0.09930214	-0.008973085	9.823733
1754228996	ACC	-0.04426722	-0.052043892	9.765707
1754229004	ACC	-0.19740787	-0.032303106	9.788439
1754229013	ACC	-0.0634098	0.029910283	9.8219385
1754229021	ACC	0.19501504	0.015553347	9.891331
1754229029	ACC	0.18544376	-0.032901313	9.829117
1754229038	ACC	-0.1160519	-0.046660043	9.789038
1754229046	ACC	-0.06819545	0.0059820567	9.798609
1754229054	ACC	0.032303106	-0.013160525	9.827921
1754229063	ACC	0.008374879	-0.0035892338	9.81835
1754229071	ACC	0.008374879	0.0011964113	9.832706
1754229079	ACC	0.013160525	-0.0035892338	9.81835
1754229088	ACC	0.0035892338	-0.013160525	9.823135
1754229096	ACC	0.013160525	5.9820566E-4	9.803992
1754229104	ACC	0.0035892338	-0.013160525	9.803992
1754229113	ACC	0.008374879	-0.01794617	9.808778
1754229121	ACC	0.008374879	-0.008374879	9.803992
1754229129	ACC	0.013160525	-0.01794617	9.837492
1754229138	ACC	0.0035892338	-0.01375873	9.794421
1754229146	ACC	0.013160525	-0.008374879	9.81835
1754229154	ACC	0.0035892338	0.0011964113	9.832706
1754229163	ACC	0.0035892338	5.9820566E-4	9.803992
1754229171	ACC	0.0035892338	0.010767702	9.865608
1754229179	ACC	0.0035892338	0.010169496	9.7609215
1754229188	ACC	0.013160525	-0.0035892338	9.823135
1754229196	ACC	0.0035892338	0.010169496	9.799207
1754229204	ACC	-0.039481573	-0.02751746	9.812965
1754229213	ACC	-0.010767702	-0.0035892338	9.865608
1754229221	ACC	0.07537391	0.020338992	9.866206
1754229229	ACC	0.09451649	-0.032303106	9.87159
1754229238	ACC	-0.034695927	-0.061615184	9.727423
1754229246	ACC	-0.19262223	-0.05623133	9.778868
1754229254	ACC	-0.029910283	0.010767702	9.827323
1754229263	ACC	0.16630118	0.04426722	9.919446
1754229271	ACC	0.18484555	0.023928227	9.728619
1754229279	ACC	-0.14476576	-0.093918286	9.898509
1754229288	ACC	-0.15433706	-0.009571291	9.673584
1754229296	ACC	0.09930214	0.030508488	9.909277
1754229304	ACC	0.051445685	-0.0077766734	9.904491
1754229313	ACC	0.0035892338	-0.02871387	9.694521
1754229321	ACC	-0.0011964113	-0.02751746	9.870992
1754229329	ACC	-0.015553347	-0.036490545	9.932607
1754229338	ACC	0.013160525	5.9820566E-4	9.75135
1754229346	ACC	0.008374879	-0.008374879	9.823135
1754229354	ACC	0.0035892338	-0.026919255	9.890134
1754229363	ACC	0.01794617	5.9820566E-4	9.780065
1754229371	ACC	-0.0011964113	-0.013160525	9.870394
1754229379	ACC	0.0035892338	-0.028115666	9.780065
1754229388	ACC	0.0035892338	-0.018544376	9.732208
1754229396	ACC	-0.0011964113	-0.01794617	9.856635
1754229404	ACC	-0.0059820567	-0.028115666	9.780065
1754229413	ACC	0.0035892338	0.015553347	9.827323
1754229421	ACC	0.008374879	-0.026919255	9.904491
1754229429	ACC	0.008374879	-0.023330022	9.799207
1754229438	ACC	-0.0011964113	-0.032303106	9.803992
1754229446	ACC	-0.0059820567	-0.01794617	9.842278
1754229454	ACC	-0.0011964113	-0.03708875	9.851849
1754229463	ACC	-0.0011964113	-0.02751746	9.827921
1754229471	ACC	-0.029910283	-0.03708875	9.865608
1754229479	ACC	-0.029910283	-0.07537391	9.789636
1754229488	ACC	-0.07776674	-0.09451649	9.789636
1754229496	ACC	-0.08733802	-0.08075777	9.7704935
1754229504	ACC	-0.020338992	-0.051445685	9.866206
1754229513	ACC	-0.020338992	0.005383851	9.779466
1754229521	ACC	-0.029910283	-0.013160525	9.798609
1754229529	ACC	-0.096909314	-0.032303106	9.8321085
1754229538	ACC	-0.0634098	0.034097724	9.778868
1754229546	ACC	-0.015553347	0.0634098	9.87458
1754229554	ACC	0.061016977	0.0634098	9.827323
1754229563	ACC	0.08015956	0.0011964113	9.847063
1754229571	ACC	-0.020338992	0.053240303	9.789038
1754229579	ACC	-0.13519448	0.04965107	9.878768
1754229588	ACC	-0.19740787	0.020338992	9.797412
1754229596	ACC	-0.27337998	-0.11306087	9.878768
1754229604	ACC	-0.66101724	0.044865426	9.750752
1754229613	ACC	-0.6418747	0.14536397	9.792626
1754229621	ACC	-0.2213361	0.034695927	9.815957
1754229629	ACC	0.16151553	-0.06580263	9.896116
1754229638	ACC	0.21415763	-0.119042926	9.815957
1754229646	ACC	0.18544376	-0.12801601	9.849456
1754229655	ACC	0.18065812	-0.038285162	9.757931
1754229663	ACC	0.35294133	-0.17647067	9.850653
1754229671	ACC	0.20937198	0.019740786	9.800404
1754229679	ACC	0.26679972	-0.061615184	9.830314
1754229688	ACC	0.13758731	0.06759724	9.780663
1754229696	ACC	0.09451649	-0.0041874396	9.804591
1754229705	ACC	0.061016977	-0.07058827	9.809377
1754229713	ACC	0.08015956	-0.09451649	9.829117
1754229721	ACC	-0.08255238	-0.10827523	9.899706
1754229729	ACC	-0.101694964	-0.12801601	9.827921
1754229738	ACC	-0.22612174	-0.10827523	9.826724
1754229746	ACC	-0.3361916	0.106480606	9.786046
1754229755	ACC	0.061016977	-0.104087785	9.87159
1754229763	ACC	0.022731815	-0.3385844	9.797412
1754229771	ACC	-0.1160519	-0.2853441	9.876974
1754229780	ACC	-0.07776674	-0.08015956	9.78485
1754229788	ACC	0.08973085	-0.13220344	9.896116
1754229796	ACC	0.046660043	-0.033499517	9.713663
1754229805	ACC	-0.039481573	-0.02751746	9.865608
1754229813	ACC	-0.12562318	-0.1274178	9.851251
1754229821	ACC	-0.14476576	-0.062213387	9.664611
1754229830	ACC	-0.1160519	-0.093918286	9.899107
1754229838	ACC	-0.020338992	-0.11784652	9.876375
1754229846	ACC	0.07956135	0.038285162	9.6993065
1754229855	ACC	0.18544376	0.17288144	9.847063
1754229863	ACC	0.31944183	0.24945176	9.861421
1754229871	ACC	0.25663024	0.25842485	9.794421
1754229880	ACC	0.15672988	0.2644069	9.87458
1754229888	ACC	0.13758731	0.11545369	9.808778
1754229896	ACC	-0.058624156	0.04426722	9.83151
1754229905	ACC	-0.111266255	0.106480606	9.850055
1754229913	ACC	-0.26919255	0.12143575	9.843474
1754229921	ACC	-0.42711884	0.25962126	9.741181
1754229930	ACC	-0.36011982	0.08793623	9.866804
1754229938	ACC	-0.1591227	0.19202402	9.777073
1754229946	ACC	-0.24526432	0.18843478	9.867402
1754229955	ACC	-0.2213361	0.14476576	9.786645
1754229963	ACC	-0.2883351	0.106480606	9.824331
1754229971	ACC	0.013160525	-0.098703936	9.87159
1754229980	ACC	0.16151553	-0.12801601	9.844072
1754229988	ACC	0.046660043	-0.061016977	9.8524475
1754229996	ACC	-0.16390835	-0.01794617	9.798011
1754230005	ACC	-0.6652047	0.27696922	10.106685
1754230013	ACC	-1.0336994	0.43010986	10.0163555
1754230021	ACC	-1.2412767	0.54257256	9.126225
1754230030	ACC	-1.0007981	0.43848476	9.921241
1754230038	ACC	-0.5940182	0.14117654	9.893126
1754230046	ACC	0.1471586	-0.09032906	9.805787
1754230055	ACC	0.6969096	-0.12981063	9.724431
1754230063	ACC	1.753939	-0.67118675	9.842278
1754230071	ACC	1.9310079	-0.64247286	9.87159
1754230080	ACC	1.524228	-0.34157544	9.78485
1754230088	ACC	1.2705889	-0.2883351	9.811171
1754230096	ACC	0.8069794	-0.21535404	9.830912
1754230105	ACC	0.31465617	-0.08075777	9.802198
1754230113	ACC	0.13758731	-0.032901313	9.809975
1754230121	ACC	0.10887343	-0.032303106	9.823733
1754230130	ACC	0.08015956	-0.018544376	9.818948
1754230138	ACC	0.046660043	-0.0041874396	9.803992
1754230146	ACC	0.01794617	-0.008374879	9.823135
1754230155	ACC	-0.0011964113	-0.008374879	9.803992
1754230163	ACC	-0.0059820567	-0.022731815	9.813564
1754230171	ACC	-0.015553347	-0.02751746	9.827921
1754230180	ACC	-0.08255238	-0.01794617	9.827323
1754230188	ACC	-0.23090738	-0.1274178	9.841082
1754230196	ACC	-0.2548356	-0.17527425	9.836296
1754230205	ACC	-0.24047868	-0.14656039	9.8219385
1754230213	ACC	-0.111266255	-0.07058827	9.827323
1754230221	ACC	-0.058624156	-0.15194423	9.809377
1754230230	ACC	-0.049052864	-0.061016977	9.81835
1754230238	ACC	-0.04426722	0.049052864	9.8219385
1754230246	ACC	-0.010767702	-0.0041874396	9.789636
1754230255	ACC	0.046660043	0.010767702	9.81835
1754230263	ACC	0.05623133	-0.032303106	9.823733
1754230271	ACC	0.051445685	0.11066805	9.822537
1754230280	ACC	0.15194423	0.04366901	9.814162
1754230288	ACC	0.12323037	-0.052043892	9.824331
1754230296	ACC	0.104087785	0.019740786	9.804591
1754230305	ACC	-0.0011964113	0.08255238	9.83151
1754230313	ACC	-0.05383851	0.039481573	9.83151
1754230321	ACC	-0.101694964	0.08255238	9.826126
1754230330	ACC	-0.101694964	0.010767702	9.812367
1754230338	ACC	-0.101694964	0.015553347	9.8219385
1754230346	ACC	-0.18305093	0.096909314	9.830314
1754230355	ACC	-0.05383851	0.20638095	9.782457
1754230363	ACC	0.051445685	0.053240303	9.81835
1754230371	ACC	0.03708875	-0.061016977	9.83809
1754230380	ACC	0.041874398	0.04426722	9.84168
1754230388	ACC	0.03708875	0.04426722	9.827323
1754230396	ACC	0.16151553	-0.071186475	9.810573
1754230405	ACC	0.13758731	0.024526432	9.823733
1754230413	ACC	0.06580263	-0.018544376	9.799805
1754230421	ACC	-0.14476576	0.06819545	9.840483
1754230430	ACC	-0.0634098	-0.046660043	9.812965
1754230438	ACC	-0.34097722	0.14057833	9.833304
1754230446	ACC	-0.2117648	-0.03708875	9.816555
1754230455	ACC	-0.039481573	-0.05623133	9.837492
1754230463	ACC	-0.08733802	0.0059820567	9.845867
1754230471	ACC	0.008374879	0.12502499	9.783653
1754230480	ACC	0.14237295	-0.07537391	9.84826
1754230488	ACC	-0.07776674	0.034695927	9.841082
1754230497	ACC	0.1902294	-0.032901313	9.801002
1754230505	ACC	0.29072794	-0.0041874396	9.834501
1754230513	ACC	0.26679972	-0.123828575	9.806984
1754230522	ACC	0.4528417	-0.09571291	9.80818
1754230530	ACC	0.381057	-0.032901313	9.835697
1754230538	ACC	0.0849452	0.014955142	9.804591
1754230547	ACC	-0.029910283	0.05383851	9.8219385
1754230555	ACC	-0.1591227	-0.022731815	9.826724
1754230563	ACC	-0.29312077	0.0065802624	9.815957
1754230572	ACC	-0.19262223	-0.060418773	9.83151
1754230580	ACC	-0.36490545	0.035294134	9.819546
1754230588	ACC	-0.3361916	-0.036490545	9.830314
1754230597	ACC	-0.24526432	-0.032303106	9.821341
1754230605	ACC	-0.07776674	0.058624156	9.826724
1754230613	ACC	0.32422748	0.024526432	9.811171
1754230622	ACC	0.41455653	0.024526432	9.821341
1754230630	ACC	0.6203393	-0.2632105	9.829716
1754230638	ACC	0.38584265	-0.123828575	9.812367
1754230647	ACC	0.046660043	-0.03708875	9.818948
1754230655	ACC	-0.049052864	0.06281159	9.783653
1754230663	ACC	-0.020338992	-0.022731815	9.837492
1754230672	ACC	-0.25962126	0.12143575	9.843474
1754230680	ACC	-0.26919255	0.05383851	9.801002
1754230688	ACC	-0.4223332	0.10707881	9.837492
1754230697	ACC	-0.14955142	-0.16151553	9.803992
1754230705	ACC	-0.25004998	-0.0317049	9.840483
1754230713	ACC	-0.3074777	-0.14177474	9.8117695
1754230722	ACC	-0.010767702	-0.32841492	9.849456
1754230730	ACC	0.041874398	-0.1471586	9.819546
1754230738	ACC	0.30927232	-0.061615184	9.806984
1754230747	ACC	0.08015956	0.034097724	9.799207
1754230755	ACC	0.11365908	0.096311115	9.799207
1754230763	ACC	-0.049052864	0.16869399	9.8117695
1754230772	ACC	0.051445685	-0.0849452	9.828519
1754230780	ACC	-0.049052864	-0.11784652	9.870992
1754230788	ACC	0.10887343	-0.1477568	9.79143
1754230797	ACC	0.31944183	-0.0424726	9.825528
1754230805	ACC	0.26679972	-0.061615184	9.84467
1754230813	ACC	0.3290131	-0.27218357	9.827921
1754230822	ACC	0.07058827	-0.023330022	9.799805
1754230830	ACC	0.0849452	0.19202402	9.798011
1754230838	ACC	0.07058827	0.1585245	9.812367
1754230847	ACC	0.09930214	0.048454657	9.799207
1754230855	ACC	-0.049052864	0.0059820567	9.822537
1754230863	ACC	-0.29312077	0.14057833	9.843474
1754230872	ACC	-0.2213361	0.0011964113	9.821341
1754230880	ACC	-0.317049	0.15493527	9.83809
1754230888	ACC	-0.18783657	0.14955142	9.786645
1754230897	ACC	-0.17347965	-0.10827523	9.860822
1754230905	ACC	-0.22612174	0.034695927	9.787243
1754230913	ACC	-0.15433706	-0.02213361	9.850653
1754230922	ACC	-0.096909314	0.111266255	9.802198
1754230930	ACC	-0.13998012	0.23509483	9.757931
1754230938	ACC	0.2428715	0.08733802	9.87159
1754230947	ACC	0.58683974	-0.11485548	9.799805
1754230955	ACC	0.6011967	-0.019142581	9.837492
1754230963	ACC	0.64905316	-0.019142581	9.856635
1754230972	ACC	0.24765715	-0.037686955	9.801002
1754230980	ACC	-0.025124637	-0.10887343	9.8428755
1754230988	ACC	-0.3696911	-0.04127619	9.810573
1754230997	ACC	-0.63230336	0.28893334	9.834501
1754231005	ACC	-0.8141579	0.26081768	9.814162
1754231013	ACC	-0.84765744	0.16031912	9.809975
1754231022	ACC	-0.77587277	0.38524446	9.832706
1754231030	ACC	-0.4127619	0.16450655	9.832706
1754231038	ACC	0.06580263	0.029910283	9.837492
1754231047	ACC	0.4959125	-0.22911277	9.833304
1754231055	ACC	0.6011967	-0.124426775	9.771091
1754231063	ACC	0.4959125	-0.19621146	9.785448
1754231072	ACC	0.77826554	-0.22432712	9.892527
1754231080	ACC	0.4959125	-0.043070808	9.803394
1754231088	ACC	0.3379862	-0.08554341	9.806984
1754231097	ACC	0.20458634	-0.16211374	9.820743
1754231105	ACC	0.09451649	-0.09930214	9.819546
1754231113	ACC	-0.26919255	-0.0029910284	9.825528
1754231122	ACC	-0.317049	-0.055633128	9.84467
1754231130	ACC	-0.5844469	-0.026919255	9.813564
1754231138	ACC	-0.8141579	0.14596218	9.820144
1754231147	ACC	-0.8811569	0.40917268	9.865009
1754231155	ACC	-0.8380861	0.2847459	9.8428755
1754231163	ACC	-0.44147578	0.13998012	9.78485
1754231172	ACC	0.232702	0.047856454	9.771689
1754231180	ACC	1.2897314	-0.46002015	9.812965
1754231188	ACC	2.0261226	-0.69571316	9.8015995
1754231197	ACC	1.6773686	-0.61854464	9.845867
1754231205	ACC	0.6681957	-0.07178468	9.823733
1754231213	ACC	0.18544376	-0.32004002	9.783653
1754231222	ACC	-0.25962126	-0.10827523	9.835697
1754231230	ACC	-0.35533416	0.13100705	9.823733
1754231238	ACC	-0.16390835	0.16390835	9.834501
1754231247	ACC	-0.13519448	-0.13280165	9.78485
1754231255	ACC	-0.025124637	0.04426722	9.80818
1754231263	ACC	0.12323037	-0.013160525	9.857233
1754231272	ACC	0.041874398	-0.10887343	9.809975
1754231280	ACC	-0.08255238	-0.26620153	9.838689
1754231288	ACC	-0.2739782	0.054436713	9.829716
1754231297	ACC	0.0849452	0.19680966	9.778868
1754231305	ACC	-0.0059820567	0.22073789	9.792626
1754231313	ACC	0.041874398	0.2973082	9.825528
1754231322	ACC	0.01794617	-0.1471586	9.853045
1754231330	ACC	-0.08255238	-0.022731815	9.827323
1754231339	ACC	-0.24526432	0.030508488	9.835099
1754231347	ACC	-0.37447673	0.13100705	9.818948
1754231355	ACC	-0.111266255	-0.13220344	9.842278
1754231364	ACC	-0.2644069	0.33080772	9.765707
1754231372	ACC	0.03708875	0.07238288	9.798609
1754231380	ACC	0.022731815	-0.0035892338	9.832706
1754231389	ACC	0.232702	0.019142581	9.753145
1754231397	ACC	0.25244278	0.034695927	9.867402
1754231405	ACC	0.23330021	-0.08075777	9.806385
1754231413	ACC	0.17108682	0.06281159	9.799805
1754231422	ACC	0.20937198	-0.041874398	9.877572
1754231430	ACC	0.2428715	0.019740786	9.838689
1754231439	ACC	-0.13998012	0.07776674	9.821341
1754231447	ACC	-0.3074777	0.21655045	9.833304
1754231455	ACC	-0.27876383	0.16869399	9.795618
1754231464	ACC	-0.106480606	0.07298109	9.787841
1754231472	ACC	0.03708875	0.029910283	9.865608
1754231480	ACC	0.11365908	0.0059820567	9.828519
1754231489	ACC	0.12323037	-0.11365908	9.829716
1754231497	ACC	-0.07298109	0.081954174	9.769297
1754231505	ACC	0.25244278	-0.061016977	9.849456
1754231514	ACC	0.29491538	0.11545369	9.824331
1754231522	ACC	0.09930214	0.07298109	9.832706
1754231530	ACC	0.0849452	0.19680966	9.793225
1754231539	ACC	0.07537391	0.04366901	9.803992
1754231547	ACC	-0.096909314	0.039481573	9.83151
1754231555	ACC	-0.3361916	0.13519448	9.804591
1754231564	ACC	-0.111266255	0.0634098	9.826126
1754231572	ACC	-0.42711884	0.18843478	9.817751
1754231580	ACC	-0.5605187	0.26979074	9.821341
1754231589	ACC	-0.4031906	0.17347965	9.799207
1754231597	ACC	-0.106480606	0.064008005	9.902697
1754231605	ACC	-0.2644069	0.2213361	9.804591
1754231614	ACC	0.022731815	-0.20937198	9.796216
1754231622	ACC	0.23808585	-0.08075777	9.835099
1754231630	ACC	0.21415763	-0.09032906	9.811171
1754231639	ACC	0.5198407	-0.3056831	9.838689
1754231647	ACC	0.40498522	-0.20039889	9.794421
1754231655	ACC	0.39601216	-0.09990034	9.8219385
1754231664	ACC	0.47198427	-0.08554341	9.827323
1754231672	ACC	0.5772685	-0.10049855	9.795019
1754231680	ACC	0.56769717	-0.20518455	9.838689
1754231689	ACC	0.5772685	-0.20997019	9.833903
1754231697	ACC	0.23330021	-0.20997019	9.821341
1754231705	ACC	-0.17347965	-0.18065812	9.799207
1754231714	ACC	-0.57009	0.030508488	9.808778
1754231722	ACC	-0.58923256	0.1692922	9.826126
1754231730	ACC	-0.16390835	0.06819545	9.816555
1754231739	ACC	0.17108682	-0.19980069	9.863813
1754231747	ACC	0.30927232	-0.15732808	9.788439
1754231755	ACC	0.3379862	-0.0424726	9.835697
1754231764	ACC	0.5820541	-0.038285162	9.832706
1754231772	ACC	0.50069815	0.038285162	9.807582
1754231780	ACC	0.3906283	-0.0951147	9.802796
1754231789	ACC	0.21894327	-0.12323037	9.839885
1754231797	ACC	0.041874398	-0.104087785	9.81476
1754231805	ACC	0.032303106	-0.046660043	9.804591
1754231814	ACC	-0.08255238	-0.16630118	9.823733
1754231822	ACC	-0.010767702	-0.0035892338	9.822537
1754231830	ACC	-0.106480606	-0.041874398	9.846465
1754231839	ACC	-0.23090738	-0.21355942	9.817751
1754231847	ACC	-0.16390835	0.010767702	9.821341
1754231855	ACC	0.21415763	0.19680966	9.837492
1754231864	ACC	0.25663024	0.07716853	9.81476
1754231872	ACC	0.08973085	-0.21415763	9.830314
1754231880	ACC	-0.04426722	0.029910283	9.822537
1754231889	ACC	0.01794617	0.12083755	9.817153
1754231897	ACC	0.14237295	-0.16630118	9.825528
1754231905	ACC	-0.08733802	0.06819545	9.807582
1754231914	ACC	-0.096909314	0.12083755	9.826126
1754231922	ACC	-0.029910283	0.0011964113	9.827323
1754231930	ACC	0.03708875	0.0011964113	9.813564
1754231939	ACC	-0.049052864	0.24047868	9.820743
1754231947	ACC	0.0035892338	-0.09930214	9.8524475
1754231955	ACC	-0.45583272	-0.055633128	9.805189
1754231964	ACC	-0.6897311	0.10707881	9.77827
1754231972	ACC	-0.6466603	0.23629123	9.835099
1754231980	ACC	-0.6418747	0.11724831	9.85484
1754231989	ACC	-0.44147578	0.23090738	9.798609
1754231997	ACC	-0.31226337	0.1692922	9.828519
1754232005	ACC	-0.039481573	0.16869399	9.840483
1754232014	ACC	0.2428715	-0.047258247	9.839287
1754232022	ACC	0.47198427	-0.14356937	9.808778
1754232030	ACC	0.70648086	-0.32542387	9.806984
1754232039	ACC	0.6586244	-0.19142582	9.815358
1754232047	ACC	0.56769717	-0.29192436	9.796216
1754232055	ACC	0.38584265	-0.123828575	9.812367
1754232064	ACC	0.3379862	-0.16211374	9.802796
1754232072	ACC	0.0849452	-0.16151553	9.839287
1754232080	ACC	-0.13040884	-0.01794617	9.8219385
1754232089	ACC	-0.111266255	-0.06580263	9.784252
1754232097	ACC	-0.3068795	-0.32303107	9.875777
1754232105	ACC	-0.17826529	-0.12801601	9.77468
1754232114	ACC	-0.04426722	-0.11306087	9.880563
1754232122	ACC	-0.13040884	0.16390835	9.806385
1754232130	ACC	-0.14955142	0.015553347	9.806984
1754232139	ACC	-0.12083755	-0.022731815	9.826724
1754232147	ACC	-0.106480606	0.21595225	9.7681
1754232155	ACC	-0.106480606	0.29252258	9.800404
1754232164	ACC	0.07537391	0.10229317	9.9038925
1754232172	ACC	0.104087785	0.03888337	9.808778
1754232180	ACC	-0.0011964113	0.11545369	9.778868
1754232189	ACC	-0.039481573	0.14476576	9.840483
1754232197	ACC	-0.058624156	-0.01794617	9.851251
1754232206	ACC	-0.025124637	-0.051445685	9.799207
1754232214	ACC	0.07537391	-0.07058827	9.857233
1754232222	ACC	-0.0634098	-0.051445685	9.836894
1754232231	ACC	0.10887343	-0.018544376	9.785448
1754232239	ACC	0.276371	-0.0849452	9.854242
1754232247	ACC	0.051445685	-0.08554341	9.799805
1754232256	ACC	0.18544376	-0.1902294	9.84467
1754232264	ACC	0.06580263	-0.11365908	9.819546
1754232272	ACC	-0.25004998	0.096909314	9.777073
1754232280	ACC	-0.30269206	0.034695927	9.801002
1754232289	ACC	-0.35473597	0.05922236	9.88176
1754232297	ACC	-0.29790643	0.08733802	9.801002
1754232306	ACC	-0.31226337	0.054436713	9.834501
1754232314	ACC	-0.2548356	0.064008005	9.844072
1754232322	ACC	-0.07776674	0.18783657	9.811171
1754232331	ACC	0.25244278	0.05802595	9.81476
1754232339	ACC	0.5341976	0.014356935	9.793823
1754232347	ACC	0.7256235	0.047856454	9.851849
1754232356	ACC	0.67776704	0.11006984	9.80818
1754232364	ACC	0.5246264	0.17168503	9.777672
1754232372	ACC	0.4863412	0.09092726	9.835697
1754232381	ACC	0.09451649	0.091525465	9.827921
1754232389	ACC	-0.36490545	-0.060418773	9.811171
1754232397	ACC	-0.7328019	-0.13160525	9.832706
1754232406	ACC	-0.75194454	-0.1698904	9.832706
1754232414	ACC	-0.85244304	0.11724831	9.810573
1754232422	ACC	-0.6801598	0.031106694	9.884152
1754232431	ACC	-0.6897311	0.33200413	9.7812605
1754232439	ACC	-0.5844469	0.21296121	9.85484
1754232447	ACC	-0.06819545	0.1160519	9.821341
1754232456	ACC	-0.13040884	0.1058824	9.77827
1754232464	ACC	-0.20697916	0.17826529	9.833903
1754232472	ACC	0.1471586	0.12502499	9.842278
1754232481	ACC	0.72083783	-0.35832518	9.841082
1754232489	ACC	1.055833	-0.35473597	9.786046
1754232497	ACC	1.2753744	-0.27876383	9.811171
1754232506	ACC	0.93559366	0.23808585	9.771091
1754232514	ACC	0.9553344	0.023330022	9.839885
1754232522	ACC	0.45762733	-0.01375873	9.865009
1754232531	ACC	0.01794617	-0.0951147	9.775877
1754232539	ACC	-0.39840496	-0.11784652	9.825528
1754232547	ACC	-0.90508515	0.0071784677	9.82493
1754232556	ACC	-1.1347961	0.07956135	9.822537
1754232564	ACC	-1.311865	0.3714857	9.833304
1754232572	ACC	-1.1826526	0.29970104	9.830314
1754232581	ACC	-1.1395818	0.42891344	9.829716
1754232589	ACC	-0.5844469	0.09750752	9.822537
1754232597	ACC	-0.18305093	0.015553347	9.835697
1754232606	ACC	0.54376894	-0.033499517	9.827323
1754232614	ACC	1.2083755	-0.13519448	9.786046
1754232622	ACC	1.6630118	-0.5515456	9.864411
1754232631	ACC	1.1365907	-0.38823548	9.787243
1754232639	ACC	0.5772685	-0.13399807	9.809377
1754232647	ACC	0.44805604	-0.2727818	9.790234
1754232656	ACC	0.3906283	-0.09990034	9.826724
1754232664	ACC	0.55334026	-0.20518455	9.824331
1754232672	ACC	0.11365908	-0.1902294	9.820743
1754232681	ACC	-0.5132605	-0.15134603	9.786645
1754232689	ACC	-0.38344982	-0.2847459	9.865009
1754232697	ACC	-0.49351966	-0.0077766734	9.814162
1754232706	ACC	-0.21655045	-0.026919255	9.835697
1754232714	ACC	-0.26919255	0.2213361	9.828519
1754232722	ACC	0.11365908	-0.046660043	9.84826
1754232731	ACC	0.104087785	-0.104087785	9.819546
1754232739	ACC	-0.07776674	0.12083755	9.806984
1754232747	ACC	0.104087785	-0.02751746	9.83809
1754232756	ACC	0.07058827	0.1680958	9.769895
1754232764	ACC	0.17587246	0.15373886	9.81835
1754232772	ACC	0.2428715	0.0634098	9.867402
1754232781	ACC	0.18065812	-0.123828575	9.815957
1754232789	ACC	0.15672988	-0.17108682	9.820743
1754232797	ACC	-0.1591227	-0.18544376	9.81835
1754232806	ACC	-0.05383851	-0.06580263	9.780065
1754232814	ACC	0.051445685	-0.10887343	9.838689
1754232822	ACC	0.3044867	-0.08554341	9.821341
1754232831	ACC	0.4001996	-0.23389842	9.832706
1754232839	ACC	0.13280165	-0.12323037	9.848858
1754232847	ACC	0.12323037	-0.05682954	9.81476
1754232856	ACC	-0.0011964113	0.11545369	9.802796
1754232864	ACC	-0.21655045	-0.16630118	9.803394
1754232872	ACC	-0.15433706	-0.08015956	9.817751
1754232881	ACC	-0.12083755	-0.11306087	9.856036
1754232889	ACC	-0.23090738	0.14416756	9.757931
1754232897	ACC	0.032303106	0.13519448	9.845867
1754232906	ACC	0.02751746	0.2973082	9.820743
1754232914	ACC	-0.025124637	0.24466611	9.782457
1754232922	ACC	-0.07776674	0.15433706	9.839885
1754232931	ACC	0.10887343	-0.06580263	9.819546
1754232939	ACC	0.3290131	-0.26739794	9.827323
1754232947	ACC	0.20458634	5.9820566E-4	9.800404
1754232956	ACC	0.13280165	0.053240303	9.814162
1754232964	ACC	0.07537391	0.13938192	9.822537
1754232972	ACC	0.18065812	0.05802595	9.828519
1754232981	ACC	0.08015956	-0.037686955	9.814162
1754232989	ACC	0.05623133	0.17766708	9.817153
1754232997	ACC	0.1471586	0.0059820567	9.8428755
1754233006	ACC	-0.16390835	0.08793623	9.854242
1754233014	ACC	-0.17347965	0.09212367	9.8015995
1754233023	ACC	-0.06819545	0.010767702	9.817751
1754233031	ACC	-0.2117648	0.16869399	9.820144
1754233039	ACC	-0.101694964	-0.16630118	9.827921
1754233047	ACC	-0.010767702	0.17766708	9.806984
1754233056	ACC	0.06580263	0.2117648	9.841082
1754233064	ACC	-0.2644069	-0.0035892338	9.782457
1754233073	ACC	-0.27876383	0.13100705	9.843474
1754233081	ACC	-0.3361916	0.17407785	9.828519
1754233089	ACC	-0.44147578	0.19262223	9.765109
1754233097	ACC	0.06580263	-0.19980069	9.844072
1754233106	ACC	0.17527425	0.034097724	9.795618
1754233114	ACC	0.032303106	-0.1471586	9.853045
1754233123	ACC	-0.17347965	0.06819545	9.839885
1754233131	ACC	-0.2883351	-0.16570297	9.798011
1754233139	ACC	-0.47018966	0.07836494	9.803992
1754233148	ACC	-0.4031906	0.16450655	9.813564
1754233156	ACC	0.013160525	0.14955142	9.826724
1754233164	ACC	0.29491538	-0.061615184	9.820743
1754233173	ACC	-0.015553347	0.22612174	9.830314
1754233181	ACC	-0.36490545	0.09272188	9.828519
1754233189	ACC	-0.7280163	0.26021945	9.801002
1754233198	ACC	-0.61794645	0.3272185	9.810573
1754233206	ACC	-0.32183465	0.19800608	9.83809
1754233214	ACC	-0.17826529	0.16869399	9.834501
1754233223	ACC	0.69212395	-0.30149564	9.783055
1754233231	ACC	0.6586244	-0.29192436	9.820743
1754233239	ACC	0.55334026	-0.36370903	9.796814
1754233248	ACC	0.5102694	-0.26739794	9.84826
1754233256	ACC	0.13280165	-0.052043892	9.7812605
1754233264	ACC	-0.2117648	0.18305093	9.819546
1754233273	ACC	-0.1160519	0.04426722	9.816555
1754233281	ACC	-0.06819545	0.106480606	9.840483
1754233289	ACC	-0.34097722	0.04007978	9.820144
1754233298	ACC	0.0035892338	0.029312078	9.798609
1754233306	ACC	-0.17826529	0.07776674	9.835099
1754233314	ACC	-0.058624156	-0.12323037	9.823135
1754233323	ACC	-0.034695927	0.096311115	9.798011
1754233331	ACC	-0.08733802	0.08255238	9.835697
1754233339	ACC	0.17587246	-0.119042926	9.815957
1754233348	ACC	0.41934216	-0.009571291	9.797412
1754233356	ACC	0.60598236	-0.22432712	9.84826
1754233364	ACC	0.52941203	0.09571291	9.816555
1754233373	ACC	0.21834506	-0.061615184	9.786645
1754233381	ACC	0.25244278	-0.16211374	9.835697
1754233389	ACC	0.104087785	-0.008973085	9.814162
1754233398	ACC	0.07058827	0.029910283	9.81835
1754233406	ACC	0.16151553	-0.12801601	9.858429
1754233414	ACC	0.20458634	-0.20997019	9.787841
1754233423	ACC	0.24765715	-0.32422748	9.822537
1754233431	ACC	0.28115666	-0.09032906	9.820743
1754233439	ACC	0.1471586	-0.066400826	9.81476
1754233448	ACC	0.26679972	-0.052043892	9.820743
1754233456	ACC	-0.010767702	-0.06580263	9.803992
1754233464	ACC	-0.101694964	-0.11306087	9.847063
1754233473	ACC	-0.18305093	0.029910283	9.826126
1754233481	ACC	0.15194423	0.17766708	9.827323
1754233489	ACC	-0.015553347	0.04426722	9.8321085
1754233498	ACC	-0.04426722	-0.21415763	9.809975
1754233506	ACC	-0.23569304	0.38404804	9.793823
1754233514	ACC	0.14237295	0.13938192	9.823135
1754233523	ACC	0.17108682	-0.01375873	9.829117
1754233531	ACC	0.14237295	-0.21954148	9.797412
1754233539	ACC	0.3906283	0.17766708	9.84826
1754233548	ACC	0.21415763	0.03888337	9.829117
1754233556	ACC	0.104087785	-0.23330021	9.8015995
1754233564	ACC	0.013160525	-0.1471586	9.809975
1754233573	ACC	0.046660043	-0.25244278	9.834501
1754233581	ACC	-0.04426722	0.06759724	9.788439
1754233589	ACC	0.26679972	-0.008973085	9.820144
1754233598	ACC	0.25722843	0.019740786	9.829716
1754233606	ACC	0.32841492	0.029312078	9.834501
1754233614	ACC	0.09451649	-0.09451649	9.809975
1754233623	ACC	0.0849452	-0.013160525	9.8428755
1754233631	ACC	-0.0634098	-0.09451649	9.789636
1754233639	ACC	-0.029910283	0.0059820567	9.846465
1754233648	ACC	0.276371	-0.037686955	9.830314
1754233656	ACC	0.36670008	-0.08554341	9.802796
1754233664	ACC	0.19980069	0.014955142	9.819546
1754233673	ACC	0.06580263	-0.028115666	9.804591
1754233681	ACC	-0.111266255	0.12143575	9.868599
1754233689	ACC	0.032303106	0.1585245	9.774082
1754233698	ACC	0.12323037	0.03888337	9.828519
1754233706	ACC	0.36191443	0.11066805	9.839287
1754233714	ACC	0.3714857	0.086141616	9.801002
1754233723	ACC	0.28115666	-0.071186475	9.835099
1754233731	ACC	0.08015956	-0.13758731	9.810573
1754233739	ACC	0.06580263	-0.08973085	9.833903
1754233748	ACC	-0.0011964113	-0.11365908	9.804591
1754233756	ACC	0.03708875	-0.03708875	9.842278
1754233764	ACC	0.09451649	0.010169496	9.804591
1754233773	ACC	0.05623133	0.07298109	9.836894
1754233781	ACC	0.07058827	0.06281159	9.81835
1754233789	ACC	-0.058624156	-0.13280165	9.809377
1754233798	ACC	-0.16390835	-0.25184458	9.828519
1754233806	ACC	-0.23569304	-0.22372891	9.794421
1754233815	ACC	-0.3786642	-0.17467605	9.85484
1754233823	ACC	-0.7423732	-0.19381863	9.813564
1754233831	ACC	-0.8572287	0.0741775	9.848858
1754233839	ACC	-0.5802595	0.53240305	9.780663
1754233848	ACC	0.0035892338	0.5180461	9.856635
1754233856	ACC	0.30927232	0.17706887	9.795019
1754233865	ACC	0.63948184	-0.11006984	9.828519
1754233873	ACC	0.7160522	-0.038285162	9.81476
1754233881	ACC	0.6969096	-0.10049855	9.833903
1754233890	ACC	0.5341976	-0.109471634	9.827921
1754233898	ACC	0.29491538	-0.109471634	9.8117695
1754233906	ACC	0.36670008	0.13878371	9.801002
1754233915	ACC	0.35234314	0.2536392	9.823733
1754233923	ACC	-0.034695927	0.010767702	9.8321085
1754233931	ACC	-0.23569304	-0.06580263	9.802198
1754233940	ACC	-0.36490545	-0.10887343	9.772886
1754233948	ACC	-0.39780676	-0.10289137	9.858429
1754233956	ACC	-0.33140594	-0.06999006	9.815957
1754233965	ACC	-0.20219351	0.04965107	9.849456
1754233973	ACC	-0.12562318	0.010767702	9.812367
1754233981	ACC	-0.25962126	0.011365907	9.825528
1754233990	ACC	-0.101694964	0.07298109	9.797412
1754233998	ACC	-0.025124637	0.0059820567	9.836894
1754234006	ACC	-0.025124637	0.07298109	9.8219385
1754234015	ACC	-0.0634098	0.05802595	9.783653
1754234023	ACC	0.03708875	0.029910283	9.865608
1754234031	ACC	0.09930214	-0.0424726	9.776475
1754234040	ACC	0.12801601	0.081954174	9.832706
1754234048	ACC	-0.04426722	0.106480606	9.812367
1754234056	ACC	-0.3792624	0.23090738	9.812965
1754234065	ACC	-0.6753742	0.15014961	9.816555
1754234073	ACC	-1.2161521	0.2853441	9.868001
1754234081	ACC	-1.2831511	0.4953143	9.75135
1754234090	ACC	-1.1778669	0.54376894	9.880563
1754234098	ACC	-1.4644074	0.6969096	9.844072
1754234106	ACC	-1.0677971	0.3475575	9.85484
1754234115	ACC	-1.4117653	0.52522457	9.869795
1754234123	ACC	-2.3976083	0.9320044	9.720243
1754234131	ACC	-1.9525433	0.81236327	9.82493
1754234140	ACC	-0.95772725	0.37567315	9.836296
1754234148	ACC	-0.3505485	0.111864455	9.857233
1754234156	ACC	0.11365908	-0.22372891	9.815957
1754234165	ACC	2.385046	-2.1260228	9.830314
1754234173	ACC	7.6313095	-3.458825	9.910473
1754234186	ACC	-0.68075806	1.2729816	9.697512
1754234194	ACC	0.8602197	-0.10109676	9.835697
1754234202	ACC	0.38823548	0.005383851	9.766904
1754234211	ACC	0.7405786	-0.08255238	9.823135
1754234219	ACC	0.5162515	0.047258247	9.820144
1754234227	ACC	0.051445685	-0.009571291	9.803992
1754234235	ACC	-0.36789647	-0.08673982	9.854242
1754234244	ACC	-0.41754755	-0.01794617	9.806984
1754234252	ACC	-0.5419743	-0.1477568	9.865608
1754234260	ACC	-0.7507481	-0.19800608	9.835697
1754234269	ACC	-0.60717875	0.06281159	9.84168
1754234277	ACC	-0.59342	0.20578274	9.8117695
1754234285	ACC	-0.35174492	0.06819545	9.906285
1754234294	ACC	-0.18664017	-0.0634098	9.877572
1754234302	ACC	-0.019740786	-0.016151553	9.740582
1754234310	ACC	0.24526432	0.016151553	9.857233
1754234319	ACC	0.25543383	0.0735793	9.792028
1754234327	ACC	0.47856453	-0.06281159	9.799805
1754234335	ACC	0.637089	0.09990034	9.824331
1754234344	ACC	0.46301118	0.19680966	9.801002
1754234352	ACC	0.5491528	0.07597212	9.812367
1754234361	ACC	0.25902304	-0.0035892338	9.8219385
1754234369	ACC	0.08733802	0.025124637	9.813564
1754234377	ACC	0.21535404	-0.0041874396	9.823733
1754234386	ACC	-0.06819545	0.101694964	9.835697
1754234394	ACC	-0.1381855	-0.15792629	9.814162
1754234402	ACC	0.052043892	-0.09332009	9.843474
1754234411	ACC	0.030508488	-0.039481573	9.8321085
1754234419	ACC	-0.052043892	-0.19920248	9.799207
1754234427	ACC	-5.9820566E-4	-0.050847482	9.826126
1754234436	ACC	-0.05682954	-0.03589234	9.833304
1754234444	ACC	-0.18664017	0.19501504	9.851849
1754234452	ACC	0.07298109	0.046061836	9.813564
1754234461	ACC	0.035294134	0.19322042	9.796216
1754234469	ACC	0.1896312	-0.025124637	9.84467
1754234477	ACC	0.17467605	0.07836494	9.78485
1754234486	ACC	0.023330022	-0.023330022	9.835697
1754234494	ACC	-0.083748795	-0.104087785	9.81476
1754234502	ACC	-0.3792624	0.08015956	9.805189
1754234511	ACC	-0.47078785	0.076570325	9.818948
1754234519	ACC	-0.3702893	0.13938192	9.793225
1754234527	ACC	-0.1477568	-0.123828575	9.851251
1754234536	ACC	0.16331014	-0.037686955	9.805787
1754234544	ACC	0.3164508	0.078963146	9.827921
1754234552	ACC	0.47377887	-0.16151553	9.833304
1754234561	ACC	0.39601216	-0.008374879	9.8428755
1754234569	ACC	0.4438686	-0.04426722	9.758529
1754234577	ACC	0.096311115	-0.032901313	9.830314
1754234586	ACC	0.18723837	0.08015956	9.823135
1754234594	ACC	-0.046061836	0.18245272	9.8321085
1754234602	ACC	0.0951147	0.04366901	9.821341
1754234611	ACC	-0.24586253	-0.020338992	9.81476
1754234619	ACC	-0.14117654	-0.1363909	9.81835
1754234627	ACC	-0.08673982	-0.04127619	9.834501
1754234636	ACC	-0.050847482	-0.19381863	9.834501
1754234644	ACC	-0.3044867	-0.096311115	9.818948
1754234652	ACC	-0.32422748	-0.0424726	9.8524475
1754234661	ACC	-0.037686955	-0.029910283	9.795019
1754234669	ACC	0.049052864	0.025124637	9.797412
1754234677	ACC	0.07058827	0.03708875	9.82493
1754234686	ACC	0.0741775	0.076570325	9.85484
1754234694	ACC	0.0023928226	0.21296121	9.824331
1754234702	ACC	0.07537391	-0.13220344	9.84168
1754234711	ACC	0.07178468	-0.19381863	9.826724
1754234719	ACC	0.019142581	0.16630118	9.798609
1754234727	ACC	0.050847482	-0.11844472	9.807582
1754234736	ACC	-0.27158538	0.23150559	9.830314
1754234744	ACC	-0.47916272	0.15792629	9.792626
1754234752	ACC	-0.6837491	-0.1268196	9.8727865
1754234761	ACC	-0.21595225	-0.41336012	9.885947
1754234769	ACC	-0.27038896	-0.054436713	9.854242
1754234777	ACC	0.07298109	-0.35712877	9.812965
1754234786	ACC	-0.2835495	0.18305093	9.813564
1754234794	ACC	-0.09451649	-0.038285162	9.8117695
1754234802	ACC	0.2727818	-0.38823548	9.87159
1754234811	ACC	0.08075777	-0.062213387	9.765707
1754234819	ACC	0.0951147	-0.012562319	9.805189
1754234827	ACC	0.26021945	0.01794617	9.774082
1754234836	ACC	0.3499503	0.16570297	9.83809
1754234844	ACC	0.096909314	0.1274178	9.84467
1754234852	ACC	-0.6095716	0.26081768	9.819546
1754234861	ACC	-1.3812568	0.59700924	9.85484
1754234869	ACC	-1.3220345	0.3361916	9.88176
1754234877	ACC	-1.4709877	0.41754755	9.783055
1754234886	ACC	-1.0875379	0.21355942	9.8219385
1754234894	ACC	-0.88295156	0.22612174	9.856635
1754234902	ACC	-0.9870393	0.4408776	9.8835535
1754234911	ACC	-0.7046863	0.4779663	9.70469
1754234919	ACC	-0.651446	0.73459655	9.701699
1754234927	ACC	0.6969096	-0.4235296	9.973285
1754234936	ACC	0.77347994	-0.30329028	9.741181
1754234944	ACC	0.78783685	-0.12562318	9.853045
1754234952	ACC	1.9848464	-1.1473584	9.906285
1754234961	ACC	2.4041886	-0.8003992	9.742377
1754234969	ACC	2.2301106	-0.6011967	9.820144
1754234977	ACC	1.2215359	-0.026919255	9.803394
1754234986	ACC	0.5605187	-0.04127619	9.81835
1754234994	ACC	0.33559337	-0.23868406	9.797412
1754235002	ACC	-0.050249275	-0.039481573	9.807582
1754235011	ACC	-0.35174492	-0.018544376	9.792626
1754235019	ACC	-0.46899325	-0.05682954	9.81835
1754235027	ACC	-0.7393822	0.20817557	9.825528
1754235036	ACC	-0.9170493	0.1896312	9.829117
1754235044	ACC	-0.4546363	-0.0077766734	9.7609215
1754235052	ACC	-0.25962126	0.14536397	9.81476
1754235061	ACC	0.48155555	-0.16689938	9.869795
1754235069	ACC	0.35174492	0.09571291	9.862019
1754235077	ACC	0.15373886	0.0035892338	9.7812605
1754235086	ACC	0.11066805	-0.084346995	9.854242
1754235094	ACC	-0.19561325	0.07956135	9.809377
1754235102	ACC	0.0	0.011964113	9.828519
1754235111	ACC	0.0634098	0.029910283	9.839287
1754235119	ACC	0.035294134	0.13459627	9.765109
1754235127	ACC	0.029910283	-0.084346995	9.822537
1754235136	ACC	0.13758731	-0.0951147	9.842278
1754235144	ACC	0.04007978	-0.021535404	9.82493
1754235152	ACC	0.013160525	0.086141616	9.826126
1754235161	ACC	0.49052864	-0.06699903	9.809975
1754235169	ACC	0.3361916	-0.18604197	9.850055
1754235177	ACC	-0.076570325	-0.119042926	9.808778
1754235186	ACC	-0.36430725	0.26799613	9.81835
1754235194	ACC	-0.15373886	0.028115666	9.811171
1754235203	ACC	-0.2883351	-0.043070808	9.893126
1754235211	ACC	-0.55334026	0.08793623	9.765707
1754235219	ACC	-0.30149564	-0.06460621	9.775279
1754235228	ACC	-0.15134603	0.07956135	9.783653
1754235236	ACC	0.093918286	-0.096909314	9.804591
1754235244	ACC	0.08733802	-0.16630118	9.8428755
1754235253	ACC	-0.18544376	-0.0077766734	9.805189
1754235261	ACC	-0.27218357	0.19381863	9.826126
1754235269	ACC	-0.033499517	0.011365907	9.844072
1754235278	ACC	0.27876383	-0.116650105	9.756136
1754235286	ACC	0.3930211	-0.21894327	9.820743
1754235294	ACC	0.3912265	0.089132644	9.799207
1754235303	ACC	0.24885355	0.116650105	9.83151
1754235311	ACC	0.21355942	0.043070808	9.817751
1754235319	ACC	0.0634098	0.12502499	9.84467
1754235328	ACC	-0.13758731	-0.14596218	9.795019
1754235336	ACC	-0.032901313	-0.04366901	9.855438
1754235344	ACC	0.2745764	-0.18245272	9.8727865
1754235353	ACC	0.12263216	0.035294134	9.799805
1754235361	ACC	-0.1585245	0.0317049	9.820144
1754235369	ACC	-0.3062813	-0.061016977	9.850653
1754235378	ACC	-0.36370903	0.18604197	9.795019
1754235386	ACC	-0.27876383	0.2111666	9.847063
1754235394	ACC	-0.07956135	-0.1585245	9.805189
1754235403	ACC	0.036490545	-0.0041874396	9.815957
1754235411	ACC	0.3595216	-0.058624156	9.870992
1754235419	ACC	0.27337998	-0.13339986	9.827921
1754235428	ACC	0.104087785	-0.12502499	9.809975
1754235436	ACC	0.084346995	-0.047856454	9.793823
1754235444	ACC	0.0735793	0.005383851	9.796814
1754235453	ACC	0.13160525	0.052043892	9.818948
1754235461	ACC	0.16689938	-0.028115666	9.789636
1754235469	ACC	0.24107689	0.02871387	9.853643
1754235478	ACC	0.096909314	0.28713873	9.807582
1754235486	ACC	-0.01375873	-0.016151553	9.829117
1754235494	ACC	-0.17048861	0.26679972	9.826126
1754235503	ACC	-0.36909288	0.28414768	9.819546
1754235511	ACC	-0.52522457	0.07597212	9.826126
1754235519	ACC	-0.4564309	0.111266255	9.823135
1754235528	ACC	-0.2536392	-0.044865426	9.830314
1754235536	ACC	-0.15672988	0.033499517	9.816555
1754235544	ACC	-0.015553347	-0.05682954	9.826126
1754235553	ACC	0.09272188	-0.1369891	9.792626
1754235561	ACC	0.014955142	0.033499517	9.819546
1754235569	ACC	0.33080772	-0.19860429	9.820743
1754235578	ACC	0.19621146	0.36011982	9.824331
1754235586	ACC	0.104087785	-0.0526421	9.811171
1754235594	ACC	0.10348958	-0.013160525	9.820743
1754235603	ACC	0.015553347	-0.084346995	9.818948
1754235611	ACC	-0.2757728	-0.0071784677	9.809377
1754235619	ACC	-0.48993045	-0.015553347	9.827323
1754235628	ACC	-0.6263213	0.04965107	9.815957
1754235636	ACC	-0.47377887	0.18783657	9.832706
1754235644	ACC	-0.31944183	0.18903299	9.819546
1754235653	ACC	-0.26081768	0.21834506	9.853643
1754235661	ACC	-0.0951147	0.20279172	9.773484
1754235669	ACC	0.2961118	0.123828575	9.805787
1754235678	ACC	0.52223355	-0.0077766734	9.787243
1754235686	ACC	0.74117684	-0.10887343	9.8321085
1754235694	ACC	0.23449662	-0.09032906	9.776475
1754235703	ACC	0.31465617	-0.2009971	9.826126
1754235711	ACC	0.12502499	-0.07537391	9.815358
1754235719	ACC	0.16091733	-0.14656039	9.825528
1754235728	ACC	-0.10348958	-0.09451649	9.851251
1754235736	ACC	-0.26979074	-0.058624156	9.816555
1754235744	ACC	-0.11365908	0.052043892	9.838689
1754235753	ACC	0.019142581	-0.03888337	9.841082
1754235761	ACC	0.27098715	-0.18783657	9.838689
1754235769	ACC	0.30149564	-0.12502499	9.8219385
1754235778	ACC	0.20757736	-0.16271193	9.868001
1754235786	ACC	-0.019740786	0.07178468	9.79143
1754235794	ACC	-0.040677983	-0.18185452	9.821341
1754235803	ACC	0.008973085	0.06819545	9.817751
1754235811	ACC	0.13280165	0.044865426	9.850055
1754235819	ACC	0.123828575	-0.058624156	9.826126
1754235828	ACC	-0.050249275	0.0017946169	9.830912
1754235836	ACC	0.07298109	0.0634098	9.851849
1754235844	ACC	0.08673982	0.08135597	9.828519
1754235853	ACC	-0.0065802624	-0.05922236	9.79143
1754235861	ACC	-0.13519448	-0.1052842	9.808778
1754235869	ACC	-0.1268196	-0.124426775	9.815957
1754235878	ACC	-0.29671	-0.050847482	9.81835
1754235886	ACC	-0.21774685	-0.046660043	9.824331
1754235894	ACC	-0.25004998	0.31286156	9.81835
1754235903	ACC	-0.0634098	-0.12622139	9.825528
1754235911	ACC	-0.12083755	-0.12861422	9.797412
1754235919	ACC	-0.048454657	0.31286156	9.790234
1754235928	ACC	0.2213361	0.016749758	9.835099
1754235936	ACC	0.11365908	-0.02871387	9.856036
1754235944	ACC	-0.05802595	-0.02632105	9.786046
1754235953	ACC	-0.083748795	-0.14955142	9.81476
1754235961	ACC	-0.33200413	-0.010767702	9.815358
1754235969	ACC	-0.25782663	-0.041874398	9.83809
1754235978	ACC	0.014356935	-0.060418773	9.781859
1754235986	ACC	0.049052864	-0.0059820567	9.77827
1754235994	ACC	0.2434697	-0.08075777	9.8219385
1754236003	ACC	-0.104087785	-0.038285162	9.818948
1754236011	ACC	-0.20937198	-0.084346995	9.803394
1754236019	ACC	-0.21595225	-0.1692922	9.773484
1754236028	ACC	-0.5246264	0.19740787	9.820743
1754236036	ACC	-0.29850462	0.14237295	9.838689
1754236045	ACC	-0.49950173	0.05623133	9.7681
1754236053	ACC	-0.8925229	0.4761717	9.772886
1754236061	ACC	-0.9607183	0.6759724	9.830314
1754236070	ACC	-0.8602197	0.38703907	9.933804
1754236078	ACC	-0.634098	0.11485548	9.83151
1754236086	ACC	-0.27996024	0.13280165	9.7501545
1754236095	ACC	0.381057	0.053240303	9.74836
1754236103	ACC	0.6442675	-0.21774685	9.8632145
1754236111	ACC	0.63828546	-0.1058824	9.876974
1754236120	ACC	0.79441714	-0.36729828	9.858429
1754236128	ACC	0.7363912	-0.32303107	9.868001
1754236136	ACC	0.5838487	-0.19680966	9.789636
1754236145	ACC	0.84047896	-0.22073789	9.828519
1754236153	ACC	0.89072824	-0.1896312	9.8219385
1754236161	ACC	0.5066802	-0.09930214	9.800404
1754236170	ACC	0.19441684	0.12502499	9.757333
1754236178	ACC	-0.13040884	-0.015553347	9.853643
1754236186	ACC	-0.5102694	-0.066400826	9.789636
1754236195	ACC	-0.5168497	-0.36191443	9.853643
1754236203	ACC	-0.738784	-0.12981063	9.819546
1754236211	ACC	-0.22313072	-0.08315059	9.850055
1754236220	ACC	0.30029923	-0.14476576	9.847063
1754236228	ACC	0.2111666	0.27038896	9.817153
1754236236	ACC	0.26261228	0.0424726	9.788439
1754236245	ACC	0.14356937	0.03708875	9.8015995
1754236253	ACC	0.12801601	-0.09332009	9.849456
1754236261	ACC	0.047856454	0.011365907	9.823733
1754236270	ACC	0.008973085	0.0029910284	9.820743
1754236278	ACC	0.1680958	0.14356937	9.844072
1754236286	ACC	0.09092726	-0.109471634	9.810573
1754236295	ACC	-0.10887343	0.0041874396	9.866804
1754236303	ACC	-0.1477568	-0.028115666	9.810573
1754236311	ACC	-0.29192436	0.07058827	9.836296
1754236320	ACC	-0.16869399	-0.19142582	9.793225
1754236328	ACC	-0.3792624	0.13339986	9.82493
1754236336	ACC	0.16749759	0.357727	9.827323
1754236345	ACC	0.26859435	0.016749758	9.797412
1754236353	ACC	0.17467605	0.0029910284	9.81476
1754236361	ACC	0.1363909	0.06520442	9.81476
1754236370	ACC	0.12502499	0.0023928226	9.827323
1754236378	ACC	0.041874398	0.008374879	9.820743
1754236386	ACC	-0.11485548	-0.23748764	9.823135
1754236395	ACC	-0.20458634	-0.0526421	9.802796
1754236403	ACC	0.06759724	0.29312077	9.808778
1754236411	ACC	0.032303106	0.25184458	9.814162
1754236420	ACC	0.032303106	0.13220344	9.835099
1754236428	ACC	-0.061016977	0.111266255	9.821341
1754236436	ACC	-0.023928227	0.037686955	9.792626
1754236445	ACC	0.0424726	0.011964113	9.813564
1754236453	ACC	-0.106480606	0.07298109	9.80818
1754236461	ACC	-0.09930214	0.02213361	9.792626
1754236470	ACC	-0.11964113	0.13579269	9.833903
1754236478	ACC	-0.119042926	0.13040884	9.811171
1754236486	ACC	0.0047856453	-0.05742774	9.823135
1754236495	ACC	-0.09272188	-0.0	9.825528
1754236503	ACC	0.055633128	0.053240303	9.822537
1754236511	ACC	-0.07298109	0.026919255	9.8015995
1754236520	ACC	0.11485548	-0.06520442	9.835697
1754236528	ACC	0.018544376	0.05383851	9.805189
1754236536	ACC	-0.11784652	0.06759724	9.800404
1754236545	ACC	-0.11006984	0.050249275	9.776475
1754236553	ACC	-0.17766708	0.05383851	9.815358
1754236561	ACC	0.098703936	-0.049052864	9.853045
1754236570	ACC	-0.044865426	0.014356935	9.859626
1754236578	ACC	0.044865426	-0.0735793	9.869795
1754236586	ACC	-0.020937199	-0.053240303	9.847662
1754236595	ACC	-0.12023934	-0.0077766734	9.787841
1754236603	ACC	-0.15553348	-0.035294134	9.760324
1754236611	ACC	-0.25064817	0.0317049	9.8117695
1754236620	ACC	-0.18125631	0.026919255	9.819546
1754236628	ACC	-0.30987054	-0.049052864	9.800404
1754236636	ACC	-0.19800608	-0.01794617	9.81476
1754236645	ACC	-0.26141587	-0.05682954	9.823135
1754236653	ACC	-0.30209386	0.14476576	9.825528
1754236661	ACC	-0.10289137	0.0634098	9.804591
1754236670	ACC	0.24227329	-0.010169496	9.869197
1754236678	ACC	-0.07956135	0.16689938	9.82493
1754236686	ACC	-0.041874398	-0.033499517	9.807582
1754236695	ACC	0.11246266	-0.0741775	9.822537
1754236703	ACC	-0.39601216	0.35533416	9.786046
1754236711	ACC	-0.2009971	0.093918286	9.810573
1754236720	ACC	-0.12083755	0.1052842	9.833304
1754236728	ACC	-0.36011982	0.14237295	9.815957
1754236736	ACC	-0.6131608	0.13160525	9.84467
1754236745	ACC	-0.29312077	-0.0	9.829716
1754236753	ACC	-0.35114673	0.15792629	9.81835
1754236761	ACC	-0.6891329	0.29072794	9.787243
1754236770	ACC	-0.2536392	-0.051445685	9.8937235
1754236778	ACC	-0.2015953	0.20578274	9.860224
1754236786	ACC	-0.12083755	0.07298109	9.844072
1754236795	ACC	-0.23150559	-0.084346995	9.778868
1754236803	ACC	-0.091525465	0.071186475	9.866804
1754236811	ACC	-0.509073	0.21296121	9.812367
1754236820	ACC	-0.6095716	0.14955142	9.795618
1754236828	ACC	-0.5952146	0.23928227	9.800404
1754236836	ACC	-0.41336012	-0.017347964	9.671789
1754236845	ACC	-0.27218357	-0.047258247	9.753743
1754236853	ACC	-0.24526432	0.16211374	9.769895
1754236861	ACC	-0.17048861	-0.11306087	9.851251
1754236870	ACC	-0.4564309	0.37387854	9.734601
1754236878	ACC	0.4019942	-0.2440679	9.964312
1754236887	ACC	1.0534402	-0.33140594	9.793225
1754236895	ACC	1.1742777	-0.47676992	9.873384
1754236903	ACC	1.3184453	-0.5084748	9.90808
1754236912	ACC	1.4356936	-0.39840496	9.80818
1754236920	ACC	1.3232309	-0.35353956	9.794421
1754236928	ACC	0.74416786	-0.2015953	9.783055
1754236937	ACC	0.086141616	-0.1692922	9.805189
1754236945	ACC	-0.19920248	-0.11724831	9.847063
1754236953	ACC	-0.2542374	0.0029910284	9.820144
1754236962	ACC	-0.33260235	-0.017347964	9.846465
1754236970	ACC	-0.37806597	-0.09212367	9.795618
1754236978	ACC	-0.74835527	0.07716853	9.817751
1754236987	ACC	-0.24526432	-0.031106694	9.821341
1754236995	ACC	-0.4456632	0.032901313	9.847063
1754237003	ACC	-0.3696911	-0.18783657	9.806385
1754237012	ACC	-0.4546363	0.1902294	9.787841
1754237020	ACC	0.10049855	-0.18065812	9.783055
1754237028	ACC	0.07836494	0.2416751	9.891929
1754237037	ACC	0.2111666	0.2638087	9.813564
1754237045	ACC	0.43788654	-0.21834506	9.781859
1754237053	ACC	0.28773692	-0.028115666	9.88475
1754237062	ACC	0.32482567	0.01794617	9.812367
1754237070	ACC	0.18723837	-0.043070808	9.858429
1754237078	ACC	0.1896312	0.050249275	9.812965
1754237087	ACC	0.03888337	0.07537391	9.84168
1754237095	ACC	-0.14356937	-0.09032906	9.787243
1754237103	ACC	-0.22971097	-0.09272188	9.8835535
1754237112	ACC	-0.17706887	0.14177474	9.796216
1754237120	ACC	-0.07298109	0.11066805	9.820743
1754237128	ACC	-0.23389842	0.17108682	9.726824
1754237137	ACC	-0.31405798	-0.019142581	9.815957
1754237145	ACC	-0.4971089	0.17706887	9.794421
1754237153	ACC	-0.51445687	0.33140594	9.800404
1754237162	ACC	-0.5162515	0.21535404	9.896116
1754237170	ACC	-0.12981063	-0.13220344	9.856635
1754237178	ACC	-0.06999006	0.23928227	9.777073
1754237187	ACC	0.14297116	-0.008374879	9.81476
1754237195	ACC	0.078963146	0.1160519	9.84826
1754237203	ACC	0.37507495	0.10468599	9.833304
1754237212	ACC	0.45104706	-0.23928227	9.972089
1754237220	ACC	0.13040884	-0.07537391	9.851849
1754237228	ACC	0.21954148	-0.008973085	9.689735
1754237237	ACC	-0.11006984	0.13459627	9.765707
1754237245	ACC	-0.27996024	0.16630118	9.940982
1754237253	ACC	0.15672988	0.034695927	9.825528
1754237262	ACC	0.032303106	-0.11365908	9.735797
1754237270	ACC	0.52342993	-0.32422748	9.869795
1754237278	ACC	-0.0634098	-0.17288144	9.866206
1754237287	ACC	-0.51206404	0.032303106	9.746565
1754237295	ACC	0.0047856453	-0.19441684	9.76152
1754237303	ACC	-0.13878371	-0.0317049	9.815957
1754237312	ACC	-0.09810573	-0.17347965	9.773484
1754237320	ACC	0.06819545	0.16689938	9.836296
1754237328	ACC	0.02632105	0.2440679	9.877572
1754237337	ACC	0.5276174	0.061016977	9.836894
1754237345	ACC	0.24107689	0.06699903	9.847662
1754237353	ACC	0.13220344	-0.20458634	9.759726
1754237362	ACC	-0.069391854	-0.018544376	9.862617
1754237370	ACC	-0.048454657	0.0317049	9.849456
1754237378	ACC	0.20039889	-0.1896312	9.78485
1754237387	ACC	0.09272188	0.16390835	9.835697
1754237395	ACC	0.12203395	0.02871387	9.8321085
1754237403	ACC	-0.018544376	0.09332009	9.782457
1754237412	ACC	-0.07956135	0.034695927	9.8219385
1754237420	ACC	-0.24526432	0.15433706	9.828519
1754237428	ACC	-0.06520442	0.005383851	9.83809
1754237437	ACC	-0.12562318	0.02632105	9.786046
1754237445	ACC	-0.19920248	-0.008973085	9.825528
1754237453	ACC	-0.15732808	0.12981063	9.83809
1754237462	ACC	-0.071186475	0.15972091	9.8321085
1754237470	ACC	0.07537391	0.14237295	9.813564
1754237478	ACC	-5.9820566E-4	0.19322042	9.805787
1754237487	ACC	-0.18783657	0.10348958	9.808778
1754237495	ACC	-0.41635114	0.17587246	9.853643
1754237503	ACC	-0.31944183	0.13399807	9.821341
1754237512	ACC	-0.096909314	0.01375873	9.836894
1754237520	ACC	-0.27936205	0.31585258	9.823733
1754237528	ACC	0.028115666	0.2213361	9.772287
1754237537	ACC	-0.3475575	0.41635114	9.842278
1754237545	ACC	0.11784652	-0.069391854	9.815358
1754237553	ACC	-0.3469593	0.1585245	9.806984
1754237562	ACC	-0.6969096	0.36909288	9.810573
1754237570	ACC	-0.76510507	0.36191443	9.907482
1754237578	ACC	-0.9912268	0.424726	9.899706
1754237587	ACC	-1.1419746	0.5282156	9.756136
1754237595	ACC	-1.2173486	0.4223332	9.77827
1754237603	ACC	-1.3004991	0.41874397	9.646067
1754237612	ACC	-1.3387842	0.4336991	9.67478
1754237620	ACC	-0.7728817	0.089132644	9.775877
1754237628	ACC	-1.0863415	0.33559337	9.8321085
1754237637	ACC	-1.1766706	0.31106696	9.866206
1754237645	ACC	-0.015553347	-0.25962126	9.783055
1754237653	ACC	0.65682983	-0.20638095	9.754341
1754237662	ACC	3.2584262	-1.9220347	9.736395
1754237670	ACC	4.5188456	-0.762114	9.623933
1754237678	ACC	1.8909281	0.66161543	9.795618
1754237687	ACC	1.4847465	-0.10229317	9.790234
1754237695	ACC	0.42053857	0.016749758	9.832706
1754237703	ACC	0.03589234	-0.005383851	9.795618
1754237712	ACC	-0.046061836	0.010767702	9.807582
1754237720	ACC	-0.0077766734	0.023330022	9.843474
1754237729	ACC	-0.22253251	0.021535404	9.812965
1754237737	ACC	-0.42592242	0.04127619	9.829716
1754237745	ACC	-0.6119644	0.029312078	9.820743
1754237754	ACC	-1.0863415	0.053240303	9.8117695
1754237762	ACC	-1.1126626	-0.09032906	9.835099
1754237770	ACC	-0.9391829	0.07178468	9.82493
1754237779	ACC	-0.89312106	0.16091733	9.786046
1754237787	ACC	-0.5449654	0.036490545	9.918848
1754237795	ACC	-0.35114673	-0.071186475	9.85484
1754237804	ACC	0.1160519	-0.21655045	9.747761
1754237812	ACC	0.39481574	-0.028115666	9.71845
1754237820	ACC	0.7118647	0.05383851	9.720842
1754237829	ACC	0.7040881	0.14596218	9.814162
1754237837	ACC	0.87936234	0.21834506	9.826126
1754237845	ACC	0.8021938	0.3475575	9.8524475
1754237854	ACC	1.038485	-0.11545369	9.835099
1754237862	ACC	0.66999036	0.047258247	9.81835
1754237870	ACC	0.19621146	0.019740786	9.7908325
1754237879	ACC	-0.10348958	-0.048454657	9.820743
1754237887	ACC	-0.29491538	-0.11425728	9.8321085
1754237895	ACC	-0.37507495	-0.010767702	9.8321085
1754237904	ACC	-0.42532423	-0.053240303	9.807582
1754237912	ACC	-0.66699934	-0.12323037	9.856036
1754237920	ACC	-0.46959144	-0.07716853	9.792028
1754237929	ACC	-0.38464624	0.07776674	9.818948
1754237937	ACC	0.02751746	0.23389842	9.833304
1754237945	ACC	0.18125631	0.16749759	9.851251
1754237954	ACC	0.2757728	0.01375873	9.865009
1754237962	ACC	-0.03708875	0.12263216	9.805787
1754237970	ACC	-0.1477568	-0.11964113	9.813564
1754237979	ACC	-0.3278167	-0.20578274	9.772886
1754237987	ACC	-0.8177471	0.41575295	9.837492
1754237995	ACC	-0.567099	0.28055847	9.810573
1754238004	ACC	0.12801601	0.3906283	9.876974
1754238012	ACC	0.41515473	0.049052864	9.8117695
1754238020	ACC	0.38344982	-0.02871387	9.806984
1754238029	ACC	0.148355	0.15553348	9.825528
1754238037	ACC	0.1369891	-0.07238288	9.800404
1754238045	ACC	-0.22432712	0.0017946169	9.8117695
1754238054	ACC	-0.40677986	-0.14416756	9.800404
1754238062	ACC	-0.38883367	-0.20039889	9.865009
1754238070	ACC	-0.5485546	-0.03708875	9.781859
1754238079	ACC	-0.34636107	-0.14895321	9.789636
1754238087	ACC	0.17467605	-0.23688944	9.806385
1754238095	ACC	0.06580263	0.23688944	9.815957
1754238104	ACC	0.54376894	-0.04127619	9.8321085
1754238112	ACC	0.80997044	-0.06819545	9.833304
1754238120	ACC	0.62452674	0.38823548	9.826126
1754238129	ACC	0.45882374	0.15732808	9.787841
1754238137	ACC	0.33020952	0.08673982	9.83809
1754238145	ACC	0.096909314	-0.13758731	9.838689
1754238154	ACC	-0.15732808	-0.10707881	9.812367
1754238162	ACC	-0.046660043	0.10229317	9.851251
1754238170	ACC	-0.02632105	0.12203395	9.788439
1754238179	ACC	-0.20997019	0.14356937	9.819546
1754238187	ACC	-0.5096712	-0.23090738	9.830912
1754238195	ACC	-0.5282156	-0.14955142	9.836894
1754238204	ACC	-0.40917268	-0.016151553	9.876375
1754238212	ACC	-0.32063824	0.104087785	9.827323
1754238220	ACC	0.16570297	-0.041874398	9.771091
1754238229	ACC	0.25543383	0.293719	9.839885
1754238237	ACC	0.3260221	0.084346995	9.813564
1754238245	ACC	-0.008374879	0.18424734	9.795618
1754238254	ACC	-0.1591227	0.04965107	9.837492
1754238262	ACC	-0.01375873	0.2434697	9.766306
1754238270	ACC	-0.21355942	0.35353956	9.789038
1754238279	ACC	0.05503492	0.09990034	9.829716
1754238287	ACC	-0.212363	0.17706887	9.802198
1754238295	ACC	-0.44925246	0.32004002	9.805787
1754238304	ACC	-0.123828575	0.02632105	9.814162
1754238312	ACC	-0.2745764	0.2745764	9.841082
1754238320	ACC	-0.1896312	0.15672988	9.828519
1754238329	ACC	-0.5383851	0.13938192	9.85484
1754238337	ACC	-0.7680961	0.28115666	9.830314
1754238345	ACC	-1.2317054	0.56590253	9.727423
1754238354	ACC	-1.1036894	0.509073	9.869795
1754238362	ACC	-0.46660042	0.3278167	9.817751
1754238370	ACC	-0.2650051	0.1585245	9.792626
1754238379	ACC	0.6795616	-0.42891344	9.787243
1754238387	ACC	0.71425754	-0.4432704	9.77468
1754238395	ACC	0.9601201	-0.45044887	9.839885
1754238404	ACC	0.7004988	-0.32123643	9.826126
1754238412	ACC	1.329213	-0.6520442	9.825528
1754238420	ACC	0.6562316	-0.18065812	9.776475
1754238429	ACC	0.40378883	-0.0017946169	9.818948
1754238437	ACC	0.39720857	0.011365907	9.781859
1754238445	ACC	0.46061835	0.028115666	9.843474
1754238454	ACC	0.2955136	0.017347964	9.823135
1754238462	ACC	0.008374879	-0.0077766734	9.835099
1754238470	ACC	-0.059820566	0.034097724	9.83809
1754238479	ACC	-0.14297116	0.047258247	9.826724
1754238487	ACC	-0.31345975	0.025722843	9.826724
1754238495	ACC	-0.14356937	-0.008374879	9.835099
1754238504	ACC	-0.06580263	0.019740786	9.806385
1754238512	ACC	-0.16390835	-0.03888337	9.81476
1754238520	ACC	-0.18065812	0.09332009	9.78485
1754238529	ACC	-0.0	0.08075777	9.817751
1754238537	ACC	-0.066400826	-5.9820566E-4	9.857831
1754238545	ACC	-0.035294134	0.0077766734	9.853045
1754238554	ACC	-0.061016977	0.14476576	9.836296
1754238562	ACC	-0.16031912	0.13459627	9.809377
1754238571	ACC	-0.50428736	0.119042926	9.795618
1754238579	ACC	-0.59641105	0.098703936	9.792028
1754238587	ACC	-0.5395815	0.017347964	9.799207
1754238596	ACC	-0.4444668	0.0424726	9.839885
1754238604	ACC	-0.11246266	0.25064817	9.824331
1754238612	ACC	0.24646074	0.07956135	9.882358
1754238621	ACC	-0.101694964	-0.049052864	9.818948
1754238629	ACC	-0.40618163	-0.061016977	9.809975
1754238637	ACC	-0.33379877	0.069391854	9.768699
1754238646	ACC	-0.12023934	-0.14237295	9.859626
1754238654	ACC	-0.49471608	-0.101694964	9.7812605
1754238662	ACC	0.20458634	-0.33020952	9.757333
1754238671	ACC	0.3164508	-0.053240303	9.827921
1754238679	ACC	0.04965107	0.1902294	9.805189
1754238687	ACC	-0.2117648	0.41575295	9.823733
1754238696	ACC	0.04366901	-0.123828575	9.839885
1754238704	ACC	-0.148355	-0.036490545	9.779466
1754238712	ACC	-0.4127619	-0.04366901	9.835697
1754238721	ACC	0.010767702	0.035294134	9.826724
1754238729	ACC	0.033499517	0.011365907	9.853045
1754238737	ACC	0.1794617	-0.0029910284	9.802198
1754238746	ACC	0.14356937	0.22073789	9.812367
1754238754	ACC	0.0	0.23330021	9.869197
1754238762	ACC	-0.053240303	0.4456632	9.896116
1754238771	ACC	0.503091	-0.12083755	9.835697
1754238779	ACC	0.18245272	0.09750752	9.774082
1754238787	ACC	0.1902294	0.13399807	9.83151
1754238796	ACC	0.21774685	-0.10767702	9.803394
1754238804	ACC	-0.11485548	0.061615184	9.802796
1754238812	ACC	-0.39601216	0.07537391	9.802796
1754238821	ACC	-0.38823548	0.19740787	9.766904
1754238829	ACC	-0.046660043	-0.08255238	9.8428755
1754238837	ACC	-0.14895321	0.040677983	9.839885
1754238846	ACC	0.23928227	0.051445685	9.830912
1754238854	ACC	-0.101694964	0.016151553	9.847662
1754238862	ACC	0.09750752	-0.33320054	9.772287
1754238871	ACC	-0.12502499	0.09810573	9.815957
1754238879	ACC	-0.054436713	0.03708875	9.778868
1754238887	ACC	-0.025722843	0.010767702	9.84826
1754238896	ACC	-0.029312078	0.061016977	9.844072
1754238904	ACC	0.19202402	-0.10049855	9.772287
1754238912	ACC	-0.46959144	0.23569304	9.860224
1754238921	ACC	-0.34456646	-0.030508488	9.85484
1754238929	ACC	-0.5102694	0.1902294	9.835099
1754238937	ACC	-0.63230336	-0.05383851	9.853045
1754238946	ACC	-0.32123643	-0.051445685	9.889536
1754238954	ACC	0.032901313	0.11365908	9.793225
1754238962	ACC	0.23449662	-0.05383851	9.856036
1754238971	ACC	0.3475575	0.1160519	9.720842
1754238979	ACC	0.14057833	0.14356937	9.867402
1754238987	ACC	0.22911277	-0.0023928226	9.8219385
1754238996	ACC	0.041874398	-0.016749758	9.759726
1754239004	ACC	-0.3696911	0.3714857	9.820743
1754239012	ACC	-0.076570325	0.33140594	9.842278
1754239021	ACC	0.10348958	0.08075777	9.765109
1754239029	ACC	0.069391854	-0.016749758	9.772287
1754239037	ACC	0.2644069	0.05623133	9.904491
1754239046	ACC	0.317049	0.09451649	9.847662
1754239054	ACC	0.11545369	-0.08015956	9.813564
1754239062	ACC	0.04366901	-0.17647067	9.821341
1754239071	ACC	0.11006984	-0.232702	9.814162
1754239079	ACC	-0.2883351	-0.0035892338	9.796814
1754239087	ACC	-0.089132644	-0.2650051	9.771091
1754239096	ACC	-0.46660042	0.13160525	9.850653
1754239104	ACC	0.09332009	-0.23748764	9.763913
1754239112	ACC	0.21415763	0.084346995	9.812965
1754239121	ACC	0.17228323	0.27337998	9.809975
1754239129	ACC	0.28893334	0.03708875	9.820743
1754239137	ACC	0.116650105	0.27337998	9.844072
1754239146	ACC	-0.14416756	0.061016977	9.836296
1754239154	ACC	0.029312078	-0.049052864	9.777672
1754239162	ACC	-0.10767702	0.18424734	9.8524475
1754239171	ACC	0.2219343	-0.1369891	9.77827
1754239179	ACC	0.106480606	-0.20039889	9.7609215
1754239187	ACC	-0.41575295	0.3379862	9.7812605
1754239196	ACC	-0.40917268	0.17766708	9.847063
1754239204	ACC	-0.50189453	0.08255238	9.798011
1754239212	ACC	0.14237295	-0.021535404	9.836296
1754239221	ACC	0.16510476	0.21894327	9.860822
1754239229	ACC	0.17288144	0.0047856453	9.788439
1754239237	ACC	0.37447673	0.050847482	9.832706
1754239246	ACC	0.20219351	0.014955142	9.806984
1754239254	ACC	0.15972091	0.0017946169	9.777073
1754239262	ACC	-0.04546363	0.2757728	9.822537
1754239271	ACC	-0.3702893	-0.10049855	9.8219385
1754239279	ACC	-0.3361916	-0.17168503	9.833304
1754239287	ACC	-0.12801601	0.22253251	9.817153
1754239296	ACC	-0.34456646	0.13758731	9.837492
1754239304	ACC	-0.6646065	0.4438686	9.842278
1754239312	ACC	-0.16869399	0.11545369	9.839885
1754239321	ACC	0.09212367	0.1058824	9.876974
1754239329	ACC	0.23808585	-0.062213387	9.826724
1754239337	ACC	0.28773692	-0.053240303	9.814162
1754239346	ACC	0.18604197	-0.05503492	9.820743
1754239354	ACC	0.1585245	-0.1363909	9.851251
1754239362	ACC	-0.32482567	0.148355	9.819546
1754239371	ACC	-0.16450655	0.20697916	9.776475
1754239379	ACC	0.025124637	-0.019740786	9.826126
1754239387	ACC	0.32961133	-0.17288144	9.799207
1754239396	ACC	0.021535404	-0.0035892338	9.800404
1754239404	ACC	-0.58624154	0.101694964	9.834501
1754239412	ACC	-0.37746778	0.16630118	9.803992
1754239421	ACC	-0.5407779	0.32362926	9.812965
1754239429	ACC	-0.41994038	0.032901313	9.862617
1754239438	ACC	-0.88354975	0.49292147	9.84467
1754239446	ACC	-1.038485	0.5796613	9.829117
1754239454	ACC	-0.5024927	0.317049	9.826724
1754239463	ACC	-0.27337998	0.047258247	9.802796
1754239471	ACC	-0.37986058	0.45403808	9.766904
1754239479	ACC	0.97926265	-0.509073	9.780663
1754239488	ACC	1.3597214	-0.55034924	9.885348
1754239496	ACC	1.2963116	-0.61435723	9.78485
1754239504	ACC	0.116650105	-0.08673982	9.769297
1754239513	ACC	0.124426775	0.0017946169	9.859028
1754239521	ACC	0.035294134	0.068793654	9.830912
1754239529	ACC	-0.02871387	-0.023330022	9.772287
1754239538	ACC	-0.11964113	-0.08315059	9.772886
1754239546	ACC	-0.26739794	-0.019740786	9.839287
1754239554	ACC	-0.16689938	0.025124637	9.847063
1754239563	ACC	-0.29192436	0.18364914	9.854242
1754239571	ACC	0.17826529	0.05682954	9.82493
1754239579	ACC	0.13579269	-0.008374879	9.805189
1754239588	ACC	-0.26141587	0.061016977	9.778868
1754239596	ACC	0.19501504	0.008374879	9.835697
1754239604	ACC	0.5461618	-0.21774685	9.789636
1754239613	ACC	0.16211374	0.16151553	9.786645
1754239621	ACC	0.47078785	-0.11306087	9.835697
1754239629	ACC	0.0735793	-0.029910283	9.813564
1754239638	ACC	-0.098703936	0.15553348	9.775877
1754239646	ACC	-0.18723837	0.22073789	9.830314
1754239654	ACC	-0.048454657	0.15014961	9.830912
1754239663	ACC	-0.2739782	0.13519448	9.808778
1754239671	ACC	-0.7812566	0.1369891	9.8428755
1754239679	ACC	-0.8757731	0.23030917	9.757931
1754239688	ACC	-0.7920243	0.12562318	9.83809
1754239696	ACC	-0.16390835	0.05922236	9.829117
1754239704	ACC	1.1557333	-0.58923256	9.782457
1754239713	ACC	0.47676992	0.03708875	9.81835
1754239721	ACC	0.23868406	0.08733802	9.869795
1754239729	ACC	-0.11066805	0.04366901	9.778868
1754239738	ACC	-0.20578274	0.07597212	9.83151
1754239746	ACC	-0.044865426	0.09990034	9.807582
1754239754	ACC	-0.13758731	-0.06699903	9.815358
1754239763	ACC	-0.12622139	0.14057833	9.760324
1754239771	ACC	-0.08015956	0.07238288	9.844072
1754239779	ACC	0.30029923	-0.09451649	9.818948
1754239788	ACC	-0.1680958	0.08733802	9.8015995
1754239796	ACC	-0.33140594	0.12023934	9.799805
1754239804	ACC	-0.5688936	0.018544376	9.820743
1754239813	ACC	-0.45104706	0.16331014	9.875777
1754239821	ACC	-0.31585258	-0.047258247	9.804591
1754239829	ACC	-0.6155536	0.18005991	9.862019
1754239838	ACC	-0.4648058	-0.07058827	9.747163
1754239846	ACC	-0.65982085	-0.086141616	9.794421
1754239854	ACC	-0.933799	0.28175488	9.774082
1754239863	ACC	-0.43070808	0.08733802	9.808778
1754239871	ACC	-0.33738798	-0.0047856453	9.790234
1754239879	ACC	-0.17347965	0.053240303	9.7609215
1754239888	ACC	0.04127619	0.069391854	9.782457
1754239896	ACC	0.3505485	0.06520442	9.895518
1754239904	ACC	0.57846487	-0.15134603	9.806385
1754239913	ACC	-0.1788635	0.34157544	9.815957
1754239921	ACC	0.7280163	-0.30269206	9.907482
1754239929	ACC	-0.34337005	0.27696922	9.829716
1754239938	ACC	0.25962126	-0.10887343	9.851251
1754239946	ACC	-0.015553347	0.02751746	9.798011
1754239954	ACC	0.18065812	-0.07298109	9.829117
1754239963	ACC	-0.19680966	0.09451649	9.846465
1754239971	ACC	-0.12023934	-0.009571291	9.848858
1754239979	ACC	0.10707881	-0.048454657	9.827323
1754239988	ACC	0.6753742	-0.35653058	9.8321085
1754239996	ACC	0.06819545	-0.0526421	9.771091
1754240004	ACC	-0.51146585	0.23030917	9.850055
1754240013	ACC	-0.9403793	0.6203393	9.765109
1754240021	ACC	0.0424726	0.033499517	9.811171
1754240029	ACC	0.5288138	-0.28175488	9.778868
1754240038	ACC	0.10468599	-0.05682954	9.833903
1754240046	ACC	0.22432712	-0.19561325	9.839287
1754240054	ACC	-0.076570325	0.1902294	9.81835
1754240063	ACC	-0.4319045	0.3182454	9.820144
1754240071	ACC	-0.0526421	-0.089132644	9.814162
1754240079	ACC	-0.17766708	0.015553347	9.846465
1754240088	ACC	-0.19860429	-0.01794617	9.827323
1754240096	ACC	-0.05742774	-0.28594232	9.85484
1754240104	ACC	-0.8632108	0.59581286	9.860224
1754240113	ACC	0.014356935	0.07477571	9.776475
1754240121	ACC	-0.037686955	-0.009571291	9.784252
1754240129	ACC	0.1274178	0.16211374	9.88176
1754240138	ACC	-0.67178494	0.23090738	9.778868
1754240146	ACC	-0.91346	0.33559337	9.820144
1754240154	ACC	-0.64247286	0.23748764	9.896116
1754240163	ACC	-0.2536392	-0.10887343	9.836894
1754240171	ACC	0.07716853	-0.0526421	9.833304
1754240179	ACC	1.1174482	-0.2213361	9.728619
1754240188	ACC	1.4985052	-0.32662028	9.84467
1754240196	ACC	0.587438	-0.22432712	9.795618
1754240204	ACC	-0.33559337	0.2428715	9.777672
1754240213	ACC	-0.20398813	0.13160525	9.83151
1754240221	ACC	0.25782663	-0.40558344	9.825528
1754240229	ACC	0.33260235	0.13220344	9.809377
1754240238	ACC	0.2434697	-0.05623133	9.866804
1754240246	ACC	0.2111666	0.23988047	9.777073
1754240255	ACC	0.07836494	0.14656039	9.843474
1754240263	ACC	0.36670008	5.9820566E-4	9.8727865
1754240271	ACC	0.0951147	0.14895321	9.756734
1754240280	ACC	-0.15433706	-0.0035892338	9.87458
1754240288	ACC	-0.43788654	-0.012562319	9.836296
1754240296	ACC	-0.9493524	0.08673982	9.833903
1754240305	ACC	-0.7716853	0.2416751	9.866206
1754240313	ACC	-0.30209386	0.2835495	9.837492
1754240321	ACC	0.2111666	-0.07836494	9.823733
1754240330	ACC	0.36610186	-0.19561325	9.843474
1754240338	ACC	0.36729828	-0.11964113	9.827921
1754240346	ACC	0.034695927	0.09750752	9.850055
1754240355	ACC	0.093918286	-0.083748795	9.762716
1754240363	ACC	0.11066805	0.04546363	9.84168
1754240371	ACC	0.51266223	0.08015956	9.823135
1754240380	ACC	0.21535404	0.14416756	9.7812605
1754240388	ACC	0.21774685	0.089132644	9.805787
1754240396	ACC	0.08315059	0.15314065	9.856036
1754240405	ACC	0.14476576	0.1794617	9.818948
1754240413	ACC	-0.06460621	0.0526421	9.875777
1754240421	ACC	-0.1591227	-0.22073789	9.795019
1754240430	ACC	-0.18125631	0.011964113	9.815957
1754240438	ACC	-0.009571291	0.09990034	9.810573
1754240446	ACC	-0.023330022	-0.08973085	9.777073
1754240455	ACC	-0.27517462	0.12023934	9.778868
1754240463	ACC	-0.34217364	0.31226337	9.799207
1754240471	ACC	-0.41635114	0.2739782	9.823733
1754240480	ACC	-0.52582276	0.5288138	9.777672
1754240488	ACC	-0.58983076	0.49830532	9.815957
1754240496	ACC	-0.44925246	0.25124636	9.851849
1754240505	ACC	-0.27517462	0.08135597	9.817751
1754240513	ACC	-0.40797627	0.119042926	9.807582
1754240521	ACC	-0.37387854	-0.084346995	9.798011
1754240530	ACC	-0.0741775	-0.19860429	9.768699
1754240538	ACC	1.4566308	-0.57009	9.823733
1754240546	ACC	1.82692	-0.38464624	9.839287
1754240555	ACC	1.0283155	0.019142581	9.785448
1754240563	ACC	0.45702913	0.051445685	9.82493
1754240571	ACC	0.24466611	-0.025124637	9.815358
1754240580	ACC	0.12203395	0.02871387	9.810573
1754240588	ACC	0.083748795	0.030508488	9.816555
1754240596	ACC	-0.019142581	0.016151553	9.813564
1754240605	ACC	-0.09451649	0.005383851	9.808778
1754240613	ACC	-0.029910283	0.020937199	9.826126
1754240621	ACC	-0.08733802	0.014955142	9.828519
1754240630	ACC	-0.11784652	0.014955142	9.83151
1754240638	ACC	-0.21894327	0.055633128	9.844072
1754240646	ACC	-0.18544376	0.020937199	9.843474
1754240655	ACC	-0.3487539	-0.059820566	9.766306
1754240663	ACC	-0.40977088	0.07956135	9.845269
1754240671	ACC	-0.43609193	-0.0035892338	9.820743
1754240680	ACC	-0.47856453	0.276371	9.806385
1754240688	ACC	-0.2434697	0.25064817	9.805787
1754240696	ACC	-0.3714857	0.10767702	9.833304
1754240705	ACC	-0.5084748	0.19322042	9.812367
1754240713	ACC	-0.008973085	0.020937199	9.808778
1754240721	ACC	-0.12083755	-0.058624156	9.85484
1754240730	ACC	-0.1058824	0.10348958	9.820743
1754240738	ACC	-0.28055847	0.076570325	9.81835
1754240746	ACC	-0.29072794	-0.021535404	9.8428755
1754240755	ACC	-0.30927232	0.062213387	9.775279
1754240763	ACC	0.34516466	-0.15553348	9.817153
1754240771	ACC	-0.0047856453	0.15732808	9.818948
1754240780	ACC	0.07238288	0.035294134	9.775279
1754240788	ACC	-0.09212367	0.041874398	9.757931
1754240796	ACC	0.010169496	0.11006984	9.805189
1754240805	ACC	-0.05802595	-0.013160525	9.805787
1754240813	ACC	-0.49950173	0.14596218	9.790234
1754240821	ACC	-0.3278167	0.09092726	9.829716
1754240830	ACC	-0.18125631	-0.020338992	9.836296
1754240838	ACC	-0.19561325	0.148355	9.792028
1754240846	ACC	0.034695927	0.1058824	9.746565
1754240855	ACC	-0.18843478	0.07298109	9.868599
1754240863	ACC	0.15792629	0.021535404	9.826126
1754240871	ACC	0.21834506	-0.13280165	9.80818
1754240880	ACC	0.3367898	-0.12861422	9.830912
1754240888	ACC	0.26859435	0.055633128	9.811171
1754240896	ACC	0.0065802624	0.044865426	9.784252
1754240905	ACC	-0.13519448	0.048454657	9.826724
1754240913	ACC	-0.10109676	-0.109471634	9.820144
1754240921	ACC	-0.39720857	0.31046873	9.75494
1754240930	ACC	-0.17048861	0.1591227	9.821341
1754240938	ACC	-0.051445685	-0.005383851	9.799805
1754240946	ACC	-0.33140594	0.13459627	9.809975
1754240955	ACC	-0.6628119	0.18125631	9.835099
1754240963	ACC	-0.43429732	0.1902294	9.800404
1754240971	ACC	-0.31465617	0.13758731	9.843474
1754240980	ACC	0.10767702	-0.084346995	9.835099
1754240988	ACC	0.04965107	0.17467605	9.795618
1754240996	ACC	-0.0011964113	0.0424726	9.789038
1754241005	ACC	0.28594232	0.022731815	9.788439
1754241013	ACC	0.80159557	-0.13878371	9.864411
1754241021	ACC	0.22313072	0.0424726	9.820144
1754241030	ACC	-0.048454657	0.20697916	9.797412
1754241038	ACC	-0.021535404	0.040677983	9.809975
1754241046	ACC	0.24765715	-0.12861422	9.826126
1754241055	ACC	0.10887343	0.040677983	9.821341
1754241063	ACC	0.093918286	-0.014356935	9.842278
1754241071	ACC	-0.051445685	5.9820566E-4	9.845269
1754241080	ACC	-0.3152544	-0.024526432	9.772886
1754241088	ACC	-0.47258246	0.09272188	9.848858
1754241096	ACC	-0.59581286	0.051445685	9.8015995
1754241105	ACC	-0.1896312	0.036490545	9.79143
1754241113	ACC	0.09092726	-0.09212367	9.8117695
1754241121	ACC	-0.18424734	-0.25603202	9.848858
1754241130	ACC	-0.5210371	0.04007978	9.83809
1754241138	ACC	0.09990034	0.13160525	9.896116
1754241147	ACC	0.7513463	-0.21894327	9.803394
1754241155	ACC	-0.9942178	1.0677971	9.716655
1754241163	ACC	0.8003992	-0.0029910284	9.727423
1754241172	ACC	0.40857446	-0.20518455	9.803394
1754241180	ACC	-0.7465607	0.59342	9.809377
1754241188	ACC	0.28055847	-0.53300124	9.820144
1754241197	ACC	-1.0462617	1.0019945	9.732208
1754241205	ACC	-0.36131623	0.19740787	9.945767
1754241213	ACC	0.5347959	-0.381057	9.815358
1754241222	ACC	0.20219351	-0.23988047	9.793823
1754241230	ACC	-0.51146585	0.23030917	9.826126
1754241238	ACC	-0.357727	0.12562318	9.855438
1754241247	ACC	0.43489552	-0.13459627	9.84826
1754241255	ACC	0.23868406	0.046660043	9.819546
1754241263	ACC	-0.021535404	0.032303106	9.87817
1754241272	ACC	-0.6586244	0.11066805	9.7812605
1754241280	ACC	-0.8117651	0.21535404	9.812367
1754241288	ACC	-0.94755775	0.2213361	9.783653
1754241297	ACC	-0.5395815	0.1471586	9.849456
1754241305	ACC	0.07776674	-0.04546363	9.880563
1754241313	ACC	0.3367898	-0.13878371	9.893126
1754241322	ACC	0.42652065	-0.1058824	9.8117695
1754241330	ACC	0.34217364	0.032303106	9.81476
1754241338	ACC	0.2835495	0.09451649	9.81835
1754241347	ACC	0.56470615	0.036490545	9.78485
1754241355	ACC	0.9284152	0.020937199	9.809377
1754241363	ACC	0.846461	-0.08733802	9.846465
1754241372	ACC	0.069391854	0.086141616	9.797412
1754241380	ACC	-0.12323037	0.04426722	9.836296
1754241388	ACC	-0.43788654	0.11365908	9.796216
1754241397	ACC	-0.64965135	0.31585258	9.829117
1754241405	ACC	-0.58683974	-0.0077766734	9.802198
1754241413	ACC	-0.62093747	0.22791636	9.845269
1754241422	ACC	-0.09272188	-0.055633128	9.863813
1754241430	ACC	-0.124426775	0.2105684	9.869795
1754241438	ACC	-0.08973085	-0.024526432	9.753145
1754241447	ACC	-0.3894319	0.2321038	9.830314
1754241455	ACC	-0.2961118	0.22911277	9.713663
1754241463	ACC	-0.14895321	0.111266255	9.798609
1754241472	ACC	0.20937198	-0.13519448	9.860822
1754241480	ACC	0.21415763	-0.049052864	9.810573
1754241488	ACC	-0.25603202	0.052043892	9.827921
1754241497	ACC	-0.567099	0.26859435	9.8219385
1754241505	ACC	-0.39541394	0.1591227	9.820743
1754241513	ACC	0.1698904	-0.10348958	9.817153
1754241522	ACC	0.17048861	0.04366901	9.813564
1754241530	ACC	0.22313072	-0.078963146	9.818948
1754241538	ACC	-0.1058824	0.019142581	9.829716
1754241547	ACC	-0.39182472	0.029312078	9.84168
1754241555	ACC	-0.60358953	0.12801601	9.795019
1754241563	ACC	-0.30149564	0.15613168	9.757333
1754241572	ACC	0.18783657	-0.04426722	9.835099
1754241580	ACC	0.2847459	-0.04426722	9.806385
1754241588	ACC	0.20817557	0.11784652	9.820144
1754241597	ACC	0.44685963	-0.12801601	9.823733
1754241605	ACC	0.07238288	-0.024526432	9.844072
1754241613	ACC	-0.044865426	-0.086141616	9.783653
1754241622	ACC	-0.37447673	0.098703936	9.8524475
1754241630	ACC	-0.046061836	0.024526432	9.83809
1754241638	ACC	-0.1698904	-0.076570325	9.878768
1754241647	ACC	-0.25902304	0.12203395	9.927223
1754241655	ACC	-0.13938192	0.058624156	9.811171
1754241663	ACC	0.08793623	0.05623133	9.8321085
1754241672	ACC	0.04366901	-0.17766708	9.8219385
1754241680	ACC	-0.16031912	0.08135597	9.867402
1754241688	ACC	-0.14895321	0.20578274	9.70469
1754241697	ACC	0.15972091	-0.18005991	9.862617
1754241705	ACC	-0.2638087	0.3272185	9.836894
1754241713	ACC	-0.38644084	0.34097722	9.849456
1754241722	ACC	-0.5282156	0.101694964	9.724431
1754241730	ACC	-0.4438686	0.34217364	9.774082
1754241738	ACC	-0.26799613	0.22073789	9.853643
1754241747	ACC	-0.14536397	0.05623133	9.777073
1754241755	ACC	-0.20518455	0.19501504	9.768699
1754241763	ACC	0.11485548	0.03888337	9.828519
1754241772	ACC	0.30329028	-0.058624156	9.806385
1754241780	ACC	0.2853441	-0.0047856453	9.830912
1754241788	ACC	0.56769717	-0.19621146	9.825528
1754241797	ACC	0.6687939	-0.22253251	9.798609
1754241805	ACC	0.6299106	-0.10289137	9.732806
1754241813	ACC	0.42532423	-0.14117654	9.832706
1754241822	ACC	-0.066400826	0.21714866	9.748958
1754241830	ACC	0.05503492	-0.06460621	9.775877
1754241838	ACC	0.15194423	-0.035294134	9.775877
1754241847	ACC	-0.076570325	0.18783657	9.786645
1754241855	ACC	0.025124637	0.17527425	9.797412
1754241863	ACC	0.0011964113	0.19381863	9.827921
1754241872	ACC	0.22851457	-0.06460621	9.828519
1754241880	ACC	-0.046660043	0.034695927	9.769895
1754241888	ACC	-0.148355	0.116650105	9.792028
1754241897	ACC	-0.096311115	0.14177474	9.819546
1754241905	ACC	0.11964113	0.27038896	9.826126
1754241913	ACC	-0.2219343	0.24586253	9.812965
1754241922	ACC	-0.30269206	0.2416751	9.7812605
1754241930	ACC	-0.26021945	0.14656039	9.81835
1754241938	ACC	-0.1274178	0.031106694	9.891331
1754241947	ACC	-0.03589234	0.05742774	9.865009
1754241955	ACC	-0.060418773	0.13399807	9.849456
1754241964	ACC	-0.03589234	-0.019740786	9.88475
1754241972	ACC	-0.104087785	-0.03888337	9.81476
1754241980	ACC	-0.051445685	0.109471634	9.844072
1754241989	ACC	0.19322042	0.037686955	9.824331
1754241997	ACC	0.25184458	0.18424734	9.775877
1754242005	ACC	0.26620153	-0.049052864	9.812367
1754242014	ACC	-0.14177474	0.1274178	9.796814
1754242022	ACC	-0.5593223	0.19142582	9.8117695
1754242030	ACC	-0.8255238	-0.015553347	9.8321085
1754242039	ACC	-0.721436	0.014955142	9.857831
1754242047	ACC	-0.8560323	0.36311084	9.787841
1754242055	ACC	-0.8129615	0.40259242	9.786046
1754242064	ACC	-0.49950173	0.28893334	9.907482
1754242072	ACC	-0.19202402	0.18305093	9.897313
1754242080	ACC	-0.034695927	0.23030917	9.816555
1754242089	ACC	0.24526432	-0.07537391	9.824331
1754242097	ACC	0.32841492	0.0317049	9.739387
1754242105	ACC	0.6729814	-0.23629123	9.860224
1754242114	ACC	1.1587243	-0.5066802	9.843474
1754242122	ACC	0.9870393	-0.18245272	9.8321085
1754242130	ACC	0.59760743	-0.0059820567	9.809377
1754242139	ACC	0.40737805	0.104087785	9.813564
1754242147	ACC	0.4528417	0.014356935	9.820144
1754242155	ACC	0.18245272	0.01375873	9.839885
1754242164	ACC	-0.07776674	0.023330022	9.823733
1754242172	ACC	-0.25184458	0.029910283	9.798609
1754242180	ACC	-0.36909288	0.098703936	9.820144
1754242189	ACC	-0.3062813	0.03708875	9.83151
1754242197	ACC	-0.18245272	-0.010767702	9.813564
1754242205	ACC	-0.20817557	0.035294134	9.823733
1754242214	ACC	-0.049052864	-0.061615184	9.793823
1754242222	ACC	-0.30388847	0.29671	9.814162
1754242230	ACC	0.08733802	0.064008005	9.820743
1754242239	ACC	0.15792629	-0.005383851	9.8015995
1754242247	ACC	0.0317049	0.12323037	9.827921
1754242255	ACC	0.15553348	-0.0065802624	9.800404
1754242264	ACC	0.19740787	0.0071784677	9.829117
1754242272	ACC	0.20638095	0.0029910284	9.82493
1754242280	ACC	-0.0735793	0.054436713	9.827921
1754242289	ACC	-0.23748764	0.058624156	9.813564
1754242297	ACC	-0.16869399	0.040677983	9.84467
1754242305	ACC	-0.21475583	0.020338992	9.819546
1754242314	ACC	-0.43609193	-0.012562319	9.819546
1754242322	ACC	-0.75912297	0.0741775	9.853643
1754242330	ACC	-0.81834537	0.15373886	9.853643
1754242339	ACC	-0.45403808	0.044865426	9.833903
1754242347	ACC	-0.30508488	-0.0741775	9.81835
1754242355	ACC	-0.1692922	-0.07238288	9.853045
1754242364	ACC	-0.32004002	-0.020937199	9.850055
1754242372	ACC	-0.25663024	-0.08973085	9.855438
1754242380	ACC	-0.43489552	0.1698904	9.730413
1754242389	ACC	-0.062213387	0.26620153	9.840483
1754242397	ACC	0.7393822	-0.13280165	9.77468
1754242405	ACC	0.61675006	0.12263216	9.796814
1754242414	ACC	0.8853444	-0.17168503	9.820743
1754242422	ACC	0.61914283	-0.07956135	9.833304
1754242430	ACC	0.10109676	0.06580263	9.788439
1754242439	ACC	-0.44685963	0.04366901	9.84168
1754242447	ACC	-0.7298109	0.29012975	9.820743
1754242455	ACC	-0.4408776	0.2757728	9.802796
1754242464	ACC	-5.9820566E-4	-0.083748795	9.792626
1754242472	ACC	-0.15493527	0.12502499	9.806385
1754242480	ACC	-5.9820566E-4	-0.0424726	9.8219385
1754242489	ACC	0.1698904	-0.049052864	9.847662
1754242497	ACC	0.13399807	-0.10887343	9.847063
1754242505	ACC	0.07238288	0.08733802	9.784252
1754242514	ACC	0.09810573	0.093918286	9.817751
1754242522	ACC	0.061016977	-0.07178468	9.809975
1754242530	ACC	-0.17826529	0.009571291	9.837492
1754242539	ACC	-0.43669012	0.01794617	9.827921
1754242547	ACC	-0.5084748	-0.10229317	9.773484
1754242555	ACC	-0.5712864	0.12023934	9.84467
1754242564	ACC	-0.57607204	0.39780676	9.839885
1754242572	ACC	-0.16390835	0.33140594	9.84168
1754242580	ACC	0.3385844	0.14356937	9.784252
1754242589	ACC	0.7286145	-0.035294134	9.809975
1754242597	ACC	0.6628119	-0.07956135	9.822537
1754242605	ACC	0.35234314	-0.15553348	9.891929
1754242614	ACC	0.061016977	-0.008374879	9.742975
1754242622	ACC	-0.20638095	0.096909314	9.839287
1754242630	ACC	-0.2009971	0.061016977	9.776475
1754242639	ACC	-0.33260235	0.19680966	9.858429
1754242647	ACC	-0.2835495	0.15732808	9.817751
1754242655	ACC	-0.069391854	-0.038285162	9.816555
1754242664	ACC	-0.13938192	-0.12861422	9.806984
1754242672	ACC	-0.4127619	0.1381855	9.807582
1754242680	ACC	-0.3062813	-0.048454657	9.875777
1754242689	ACC	-0.49830532	0.08315059	9.8015995
1754242697	ACC	-0.47318068	0.054436713	9.827921
1754242705	ACC	-0.7956135	0.23389842	9.775877
1754242714	ACC	-0.5521438	0.12502499	9.783653
1754242722	ACC	-0.30987054	-0.2739782	9.905687
1754242730	ACC	-0.33200413	-0.12323037	9.829117
1754242739	ACC	-0.4229314	0.07836494	9.809377
1754242747	ACC	-0.58683974	0.30029923	9.990034
1754242755	ACC	-2.1433709	1.68694	9.326625
1754242764	ACC	-0.8709874	-0.37447673	10.11506
1754242772	ACC	-0.40977088	-0.19980069	9.911072
1754242780	ACC	0.56350976	-0.32542387	9.806984
1754242789	ACC	0.849452	-0.081954174	9.677173
1754242797	ACC	1.102493	-0.036490545	9.810573
1754242805	ACC	1.1706885	-0.089132644	9.787841
1754242814	ACC	0.9846465	0.2835495	9.692128
1754242822	ACC	1.1958131	-0.089132644	9.765707
1754242831	ACC	0.8679964	0.035294134	9.827323
1754242839	ACC	0.5306084	0.18664017	9.797412
1754242847	ACC	0.47318068	0.016749758	9.816555
1754242856	ACC	0.15314065	-0.01375873	9.856635
1754242864	ACC	-0.8009974	0.07298109	9.83151
1754242872	ACC	-1.3884354	0.12323037	9.828519
1754242881	ACC	-1.416551	-0.104087785	9.862617
1754242889	ACC	-1.2568301	-0.017347964	9.906884
1754242897	ACC	-0.8285148	-0.15732808	9.875777
1754242906	ACC	-0.9020941	0.31166515	9.799207
1754242914	ACC	-0.119042926	0.11066805	9.78485
1754242922	ACC	0.34456646	0.13280165	9.8117695
1754242931	ACC	1.0247263	-0.038285162	9.792028
1754242939	ACC	1.311865	-0.0526421	9.878768
1754242947	ACC	1.015155	0.19621146	9.8835535
1754242956	ACC	0.90029955	0.05682954	9.805189
1754242964	ACC	0.7369894	-0.06281159	9.777672
1754242972	ACC	0.53240305	0.05383851	9.807582
1754242981	ACC	0.3702893	0.076570325	9.814162
1754242989	ACC	0.119042926	0.11365908	9.812965
1754242997	ACC	-0.15672988	0.02751746	9.769895
1754243006	ACC	-0.25124636	-0.029312078	9.815358
1754243014	ACC	-0.8739785	0.09332009	9.809377
1754243022	ACC	-1.6079768	0.15194423	9.753145
1754243031	ACC	-1.6965113	-0.069391854	9.803992
1754243039	ACC	-1.8227327	0.022731815	9.762118
1754243047	ACC	-1.5302101	0.22432712	9.698709
1754243056	ACC	-1.0019945	0.05383851	9.748958
1754243064	ACC	-0.52342993	0.05742774	9.840483
1754243072	ACC	-0.2416751	0.2656033	9.912268
1754243081	ACC	-1.0336994	-0.020338992	9.211171
1754243089	ACC	5.441877	-4.4482574	10.49492
1754243097	ACC	0.8578269	1.6002002	9.592826
1754243106	ACC	0.57607204	1.466202	9.719048
1754243114	ACC	0.5306084	1.1934203	9.82493
1754243122	ACC	0.09332009	0.26979074	9.796216
1754243131	ACC	-0.071186475	0.02751746	9.824331
1754243139	ACC	-0.061615184	0.030508488	9.853045
1754243147	ACC	-0.055633128	0.025722843	9.801002
1754243156	ACC	-0.07058827	0.049052864	9.833903
1754243164	ACC	-0.043070808	0.076570325	9.830912
1754243172	ACC	-0.047856454	0.059820566	9.836296
1754243181	ACC	-0.19501504	-0.1902294	9.838689
1754243189	ACC	-0.31764722	-0.73519474	9.830314
1754243197	ACC	-0.41694933	-0.76989067	9.853643
1754243206	ACC	-0.3290131	-0.57906306	9.807582
1754243214	ACC	-0.18604197	-0.22731815	9.781859
1754243222	ACC	0.038285162	0.23688944	9.869197
1754243231	ACC	0.253041	0.68195444	9.823733
1754243239	ACC	0.41814575	1.0683953	9.702896
1754243247	ACC	0.38703907	0.95054877	9.862617
1754243256	ACC	-0.024526432	0.13459627	9.82493
1754243264	ACC	-0.029910283	0.055633128	9.734601
1754243272	ACC	-0.07058827	0.050249275	9.894919
1754243281	ACC	-0.04366901	0.050847482	9.83151
1754243289	ACC	-0.047258247	0.06580263	9.757333
1754243297	ACC	-0.04965107	0.03708875	9.851849
1754243306	ACC	-0.044865426	0.05623133	9.8524475
1754243314	ACC	-0.04127619	0.0634098	9.771689
1754243322	ACC	-0.038285162	0.047258247	9.821341
1754243331	ACC	-0.05742774	0.039481573	9.860822
1754243339	ACC	-0.038285162	0.043070808	9.814162
1754243347	ACC	-0.043070808	0.0041874396	9.833903
1754243356	ACC	-0.046061836	-0.0035892338	9.802796
1754243364	ACC	-0.049052864	0.008374879	9.830912
1754243372	ACC	-0.050847482	0.0035892338	9.820144
1754243381	ACC	-0.055633128	0.019740786	9.812965
1754243389	ACC	-0.055633128	0.038285162	9.833304
1754243397	ACC	-0.053240303	0.07058827	9.8117695
1754243406	ACC	-0.053240303	0.08554341	9.829117
1754243414	ACC	-0.0526421	0.07477571	9.824331
1754243422	ACC	-0.053240303	0.05922236	9.813564
1754243431	ACC	-0.046061836	0.04426722	9.829716
1754243439	ACC	-0.048454657	0.01375873	9.822537
1754243447	ACC	-0.061016977	0.014955142	9.818948
1754243456	ACC	-0.04366901	0.031106694	9.83809
1754243464	ACC	-0.049052864	0.041874398	9.796216
1754243472	ACC	-0.050249275	0.052043892	9.84826
1754243481	ACC	-0.05503492	0.05623133	9.809377
1754243489	ACC	-0.046660043	0.06699903	9.822537
1754243497	ACC	-0.046061836	0.051445685	9.817153
1754243506	ACC	-0.049052864	0.03888337	9.809975
1754243514	ACC	-0.048454657	0.04127619	9.819546
1754243522	ACC	-0.051445685	0.037686955	9.821341
1754243531	ACC	-0.05503492	0.0317049	9.813564
1754243539	ACC	-0.054436713	0.037686955	9.839287
1754243547	ACC	-0.04965107	0.033499517	9.806385
1754243556	ACC	-0.05682954	0.035294134	9.824331
1754243564	ACC	-0.0317049	0.032303106	9.769895
1754243572	ACC	-0.048454657	0.051445685	9.799207
1754243581	ACC	-0.062213387	0.041874398	9.824331
1754243589	ACC	-0.0526421	0.046061836	9.827921
1754243597	ACC	-0.041874398	0.05503492	9.830912
1754243606	ACC	-0.050847482	0.048454657	9.833903
1754243614	ACC	-0.05503492	0.047856454	9.844072
1754243622	ACC	-0.047856454	0.058624156	9.81835
1754243631	ACC	-0.05802595	0.060418773	9.798011
1754243639	ACC	-0.05503492	0.031106694	9.844072
1754243647	ACC	-0.044865426	0.028115666	9.812367
1754243656	ACC	-0.05623133	0.008973085	9.826724
1754243664	ACC	-0.0424726	0.008374879	9.823733
1754243673	ACC	-0.05383851	0.029910283	9.828519
1754243681	ACC	-0.04965107	0.04366901	9.817751
1754243689	ACC	-0.05623133	0.076570325	9.827921
1754243698	ACC	-0.06580263	0.050249275	9.857233
1754243706	ACC	-0.005383851	0.07776674	9.69153
1754243714	ACC	-0.050847482	0.047258247	9.870992
1754243723	ACC	-0.038285162	0.0634098	9.8117695
1754243731	ACC	-0.024526432	0.051445685	9.820743
1754243739	ACC	-0.046061836	0.013160525	9.833304
1754243748	ACC	-0.055633128	-0.009571291	9.769297
1754243756	ACC	-0.08015956	-0.009571291	9.841082
1754243764	ACC	-0.04546363	0.024526432	9.806385
1754243773	ACC	-0.037686955	0.062213387	9.824331
1754243781	ACC	0.02213361	0.0065802624	9.839885
1754243789	ACC	-0.23748764	-0.014356935	9.798011
1754243798	ACC	-0.0634098	-0.071186475	9.792028
1754243806	ACC	-0.12981063	-0.05922236	9.858429
1754243814	ACC	0.26021945	0.34636107	9.451052
1754243823	ACC	-0.08973085	-0.025124637	9.951151
1754243831	ACC	-0.058624156	0.15493527	9.845269
1754243839	ACC	-0.0849452	0.18185452	9.779466
1754243848	ACC	-0.059820566	0.1471586	9.88176
1754243856	ACC	-0.028115666	0.041874398	9.829117
1754243864	ACC	-0.0735793	-0.032901313	9.821341
1754243873	ACC	-0.04007978	-0.05623133	9.79143
1754243881	ACC	-0.031106694	-0.111864455	9.772287
1754243889	ACC	-0.048454657	-0.066400826	9.787841
1754243898	ACC	-0.05742774	-0.021535404	9.834501
1754243906	ACC	-0.048454657	0.050249275	9.80818
1754243914	ACC	-0.04546363	0.11306087	9.829716
1754243923	ACC	-0.03888337	0.15014961	9.836894
1754243931	ACC	-0.048454657	0.14177474	9.828519
1754243939	ACC	-0.054436713	0.10468599	9.843474
1754243948	ACC	-0.05623133	0.060418773	9.85484
1754243956	ACC	-0.047856454	-0.0011964113	9.814162
1754243964	ACC	-0.04366901	-0.04546363	9.792626
1754243973	ACC	-0.05503492	-0.050249275	9.815358
1754243981	ACC	-0.036490545	-0.0077766734	9.814162
1754243989	ACC	-0.021535404	0.083748795	9.786046
1754243998	ACC	-0.061016977	0.041874398	9.867402
1754244006	ACC	-0.015553347	0.049052864	9.817751
1754244014	ACC	-0.051445685	0.0526421	9.818948
1754244023	ACC	-0.04426722	0.09990034	9.87458
1754244031	ACC	-0.03589234	0.08075777	9.836296
1754244039	ACC	-0.064008005	-0.020937199	9.833903
1754244048	ACC	-0.05383851	-0.039481573	9.803992
1754244056	ACC	-0.052043892	-0.008374879	9.8219385
1754244064	ACC	-0.050249275	0.02871387	9.793823
1754244073	ACC	-0.06580263	0.018544376	9.830912
1754244081	ACC	-0.049052864	0.024526432	9.806984
1754244089	ACC	-0.05383851	0.06580263	9.812965
1754244098	ACC	-0.052043892	0.0735793	9.82493
1754244106	ACC	-0.0424726	0.05503492	9.820743
1754244114	ACC	-0.046061836	0.013160525	9.823733
1754244123	ACC	-0.049052864	0.0029910284	9.796814
1754244131	ACC	-0.046061836	0.0041874396	9.813564
1754244139	ACC	-0.059820566	0.011964113	9.821341
1754244148	ACC	-0.052043892	-0.0017946169	9.799805
1754244156	ACC	-0.05682954	0.014955142	9.812367
1754244164	ACC	-0.048454657	0.018544376	9.817751
1754244173	ACC	-0.047856454	-0.0047856453	9.80818
1754244181	ACC	-0.05802595	-0.005383851	9.821341
1754244189	ACC	-0.053240303	0.008973085	9.799805
1754244198	ACC	-0.04965107	-5.9820566E-4	9.8219385
1754244206	ACC	-0.050249275	0.009571291	9.817751
1754244214	ACC	-0.048454657	0.010169496	9.8117695
1754244223	ACC	-0.046061836	-0.0041874396	9.827323
1754244231	ACC	-0.05503492	-0.02871387	9.822537
1754244239	ACC	-0.05503492	-0.008973085	9.837492
1754244248	ACC	-0.044865426	0.012562319	9.815957
1754244256	ACC	-0.037686955	0.034097724	9.802198
1754244264	ACC	-0.034097724	0.039481573	9.811171
1754244273	ACC	-0.037686955	0.032901313	9.799207
1754244281	ACC	-0.030508488	0.0317049	9.815358
1754244289	ACC	-0.037686955	0.028115666	9.812965
1754244298	ACC	-0.04546363	0.031106694	9.816555
1754244306	ACC	-0.04007978	0.022731815	9.813564
1754244314	ACC	-0.037686955	0.034097724	9.823135
1754244323	ACC	-0.041874398	0.04127619	9.82493
1754244331	ACC	-0.0424726	0.032303106	9.827921
1754244339	ACC	-0.040677983	0.03708875	9.811171
1754244348	ACC	-0.037686955	0.049052864	9.813564
1754244356	ACC	-0.040677983	0.04546363	9.81476
1754244364	ACC	-0.032901313	0.04366901	9.820743
1754244373	ACC	-0.03589234	0.037686955	9.821341
1754244381	ACC	-0.04007978	0.032303106	9.824331
1754244389	ACC	-0.044865426	0.046061836	9.819546
1754244398	ACC	-0.03589234	0.02751746	9.819546
1754244406	ACC	-0.035294134	0.03708875	9.825528
1754244414	ACC	-0.0317049	0.041874398	9.823135
1754244423	ACC	-0.034097724	0.033499517	9.822537
1754244431	ACC	-0.03589234	0.039481573	9.827921
1754244439	ACC	-0.034695927	0.046660043	9.823733
1754244448	ACC	-0.04007978	0.043070808	9.81835
1754244456	ACC	-0.043070808	0.04007978	9.818948
1754244464	ACC	-0.0424726	0.033499517	9.819546
1754244473	ACC	-0.031106694	0.02751746	9.81476
1754244481	ACC	-0.04426722	0.020937199	9.816555
1754244489	ACC	-0.03708875	0.030508488	9.817751
1754244498	ACC	-0.034695927	0.02751746	9.815358
1754244506	ACC	-0.034695927	0.029910283	9.8219385
1754244515	ACC	-0.04426722	0.040677983	9.820743
1754244523	ACC	-0.047856454	0.04426722	9.819546
1754244531	ACC	-0.040677983	0.046061836	9.828519
1754244540	ACC	-0.039481573	0.04426722	9.829716
1754244541	PRX	5.0
1754244548	ACC	-0.03708875	0.032901313	9.820144
1754244556	ACC	-0.036490545	0.017347964	9.826724
1754244565	ACC	-0.043070808	0.011964113	9.815358
1754244573	ACC	-0.04965107	0.018544376	9.822537
1754244581	ACC	-0.119042926	0.046061836	9.960124
1754244590	ACC	-0.050847482	-0.06999006	9.787841
1754244598	ACC	-0.14955142	-0.046061836	10.04806
1754244606	ACC	0.053240303	0.13519448	9.615558
1754244615	ACC	-0.05383851	0.026919255	9.933804
1754244623	ACC	-0.020937199	0.076570325	9.797412
1754244631	ACC	-0.02871387	0.091525465	9.80818
